0 1 2 3 4 5 6 7 8 9
13.000 0.000 0.000 1.000 0.000 0.000 0.000 160799.000 28.000 1808402.000
66.000 0.000 0.000 0.000 2.000 2.000 0.000 37744.000 2.000 1395999.000
12859.000 1.000 0.000 0.000 0.000 0.000 2.000 21587.000 0.000 827889.000
1272.000 1.000 0.000 1.000 0.000 0.000 0.000 16442.000 0.000 905585.000
4.000 0.000 0.000 1.000 0.000 0.000 1.000 101968.000 4.000 1291415.000
30.000 1.000 0.000 0.000 2.000 0.000 0.000 16313.000 0.000 1371027.000
57473.000 0.000 0.000 0.000 0.000 0.000 0.000 18180.000 0.000 676437.000
8.000 3.000 0.000 13.000 0.000 0.000 0.000 43372.000 0.000 1041303.000
74.000 0.000 0.000 0.000 1.000 0.000 0.000 43500.000 0.000 1184658.000
11307.000 3.000 0.000 0.000 0.000 0.000 1.000 21715.000 0.000 971784.000
7.000 0.000 0.000 0.000 1.000 0.000 1.000 87563.000 4.000 1635268.000
5.000 0.000 0.000 0.000 1.000 0.000 0.000 63537.000 0.000 1162892.000
1161.000 0.000 0.000 0.000 1.000 0.000 26.000 19143.000 0.000 1018456.000
26964.000 0.000 1.000 2.000 5.000 1.000 14.000 17202.000 0.000 979782.000
12.000 1.000 0.000 0.000 1.000 0.000 0.000 49504.000 0.000 1414650.000
