0	1643773.0 2.0 0.0 1.0 1.0 0.0 1.0 4978869.0 3.0 135748.0 13.0 0.0 0.0 1.0 0.0 0.0 0.0 160799.0 28.0 1808402.0 45.0 310670.0 28795.0 4021975.0 60326.0 26745.0 21638.0 5.0 16919.0 16.0
1	1664965.0 2.0 0.0 1.0 1.0 0.0 1.0 2795284.0 2.0 471819.0 66.0 0.0 0.0 0.0 2.0 2.0 0.0 37744.0 2.0 1395999.0 3.0 260298.0 27400.0 38027.0 55466.0 43893.0 3185312.0 5.0 10509.0 26.0
2	3803987.0 0.0 2.0 1.0 3.0 1.0 3.0 1661225.0 0.0 109861.0 12859.0 1.0 0.0 0.0 0.0 0.0 2.0 21587.0 0.0 827889.0 3.0 1610869.0 32353.0 22767.0 51497.0 77453.0 24369.0 8.0 26533.0 16.0
3	3457860.0 0.0 0.0 0.0 0.0 1.0 1.0 2004819.0 0.0 100988.0 1272.0 1.0 0.0 1.0 0.0 0.0 0.0 16442.0 0.0 905585.0 7.0 1591447.0 23907.0 32496.0 52789.0 65724.0 21562.0 21.0 36450.0 45.0
4	420914.0 1.0 0.0 0.0 2.0 0.0 0.0 4114319.0 0.0 340612.0 4.0 0.0 0.0 1.0 0.0 0.0 1.0 101968.0 4.0 1291415.0 2.0 187496.0 39911.0 19977.0 2743011.0 17524.0 14832.0 22.0 9455.0 24.0
5	1026226.0 2.0 0.0 0.0 0.0 0.0 1.0 4056739.0 2.0 514222.0 30.0 1.0 0.0 0.0 2.0 0.0 0.0 16313.0 0.0 1371027.0 89.0 1971976.0 18991.0 38426.0 73092.0 46800.0 17813.0 175.0 16208.0 54.0
6	6160335.0 2.0 0.0 0.0 1.0 0.0 3.0 616325.0 0.0 41858.0 57473.0 0.0 0.0 0.0 0.0 0.0 0.0 18180.0 0.0 676437.0 5.0 2118496.0 27805.0 23221.0 36808.0 70914.0 19927.0 5.0 34005.0 8.0
7	2218692.0 1.0 1.0 1.0 0.0 0.0 1.0 3112348.0 1.0 105142.0 8.0 3.0 0.0 13.0 0.0 0.0 0.0 43372.0 0.0 1041303.0 6.0 1640013.0 29881.0 46906.0 66673.0 45054.0 20598.0 20.0 20381.0 31.0
8	1648341.0 0.0 2.0 0.0 2.0 0.0 1.0 3907035.0 1.0 76044.0 74.0 0.0 0.0 0.0 1.0 0.0 0.0 43500.0 0.0 1184658.0 22.0 1786651.0 23126.0 38500.0 77356.0 49413.0 22114.0 29.0 19149.0 83.0
9	2369841.0 2.0 0.0 1.0 1.0 1.0 2.0 2695361.0 1.0 139294.0 11307.0 3.0 0.0 0.0 0.0 0.0 1.0 21715.0 0.0 971784.0 9.0 1526111.0 28685.0 37844.0 70987.0 66993.0 19891.0 13.0 17938.0 30.0
10	755915.0 7.0 0.0 1.0 5.0 0.0 0.0 5896373.0 2.0 162555.0 7.0 0.0 0.0 0.0 1.0 0.0 1.0 87563.0 4.0 1635268.0 27.0 2266046.0 21848.0 65025.0 89720.0 38293.0 29471.0 75.0 24877.0 31.0
11	768143.0 1.0 1.0 0.0 0.0 0.0 0.0 3591556.0 5.0 231264.0 5.0 0.0 0.0 0.0 1.0 0.0 0.0 63537.0 0.0 1162892.0 97.0 236160.0 2957238.0 22946.0 87219.0 29258.0 18411.0 8.0 10674.0 37.0
12	1541989.0 20.0 4.0 3.0 0.0 3.0 12.0 2948195.0 3.0 367484.0 1161.0 0.0 0.0 0.0 1.0 0.0 26.0 19143.0 0.0 1018456.0 3.0 338716.0 27892.0 23397.0 83619.0 2510179.0 25056.0 10.0 21901.0 11.0
13	7721551.0 0.0 0.0 1.0 1.0 0.0 0.0 968655.0 1.0 91947.0 26964.0 0.0 1.0 2.0 5.0 1.0 14.0 17202.0 0.0 979782.0 2.0 208774.0 15500.0 9339.0 40967.0 5055596.0 17590.0 4.0 16214.0 6.0
14	1402457.0 0.0 1.0 0.0 1.0 0.0 1.0 3647447.0 1.0 331389.0 12.0 1.0 0.0 0.0 1.0 0.0 0.0 49504.0 0.0 1414650.0 4.0 356014.0 27362.0 45036.0 61052.0 41349.0 25326.0 22.0 3809915.0 15.0
