0 1 2 3 4
1376.000 3.000 8.000 0.000 0.000
0.000 0.000 0.000 0.000 0.000
8867.000 46.000 6928.000 0.000 0.000
0.000 0.000 0.000 0.000 0.000
3533.000 13.000 8.000 0.000 0.000
0.000 0.000 0.000 0.000 0.000
0.000 0.000 0.000 0.000 0.000
0.000 0.000 0.000 0.000 0.000
0.000 0.000 0.000 0.000 0.000
0.000 0.000 0.000 0.000 0.000
0.000 0.000 0.000 0.000 0.000
0.000 0.000 0.000 0.000 0.000
0.000 0.000 0.000 0.000 0.000
0.000 0.000 0.000 0.000 0.000
0.000 0.000 1.000 0.000 0.000
0.000 0.000 0.000 0.000 0.000
0.000 0.000 0.000 0.000 0.000
0.000 0.000 0.000 0.000 0.000
1.000 0.000 0.000 0.000 0.000
0.000 0.000 0.000 0.000 0.000
3.000 0.000 0.000 0.000 0.000
0.000 0.000 0.000 0.000 0.000
1.000 0.000 0.000 0.000 0.000
0.000 0.000 0.000 0.000 0.000
0.000 0.000 0.000 0.000 0.000
1.000 0.000 0.000 0.000 0.000
3.000 0.000 0.000 0.000 0.000
2.000 0.000 0.000 0.000 0.000
0.000 0.000 0.000 0.000 0.000
0.000 0.000 0.000 0.000 0.000
194069.000 86.000 5746.000 5.000 0.000
0.000 0.000 0.000 0.000 0.000
0.000 0.000 0.000 0.000 0.000
82638.000 299.000 5526.000 0.000 1.000
331458.000 20.000 7386.000 0.000 1.000
0.000 0.000 0.000 0.000 0.000
152176.000 10533.000 5345.000 1.000 3.000
371446.000 56.000 13261.000 0.000 1.000
0.000 0.000 0.000 0.000 0.000
0.000 0.000 0.000 0.000 0.000
2.000 0.000 0.000 0.000 0.000
0.000 0.000 0.000 0.000 0.000
0.000 0.000 0.000 0.000 0.000
26979.000 8.000 1628.000 0.000 0.000
1.000 0.000 0.000 0.000 0.000
15.000 1.000 2.000 0.000 0.000
0.000 0.000 0.000 0.000 0.000
0.000 0.000 0.000 0.000 0.000
6.000 0.000 0.000 0.000 0.000
7.000 0.000 0.000 0.000 0.000
