0	0.0 1.0 261606.0 60992.0 4.0 478021.0 2922482.0 2.0 93618.0 2.0 1136179.0 0.0 31.0 0.0 1.0 0.0 0.0 0.0 1.0 0.0 0.0 0.0 977221.0 118042.0 0.0 93.0 45191.0 0.0 426122.0 0.0 12115.0 0.0 2.0 7.0 0.0 0.0 7.0 3.0 0.0 16.0 211198.0 17427.0 5.0 7.0 2967367.0 2.0 7.0 20779.0 4.0 15810.0 17.0 23435.0 93213.0 32910.0 28943.0 270366.0 72501.0 26635.0 28916.0 30677.0
1	0.0 2.0 138609.0 128874.0 3.0 3435026.0 1381678.0 15.0 132330.0 1.0 2178425.0 0.0 1.0 0.0 6.0 14.0 2.0 1.0 0.0 2.0 3.0 0.0 434746.0 213108.0 0.0 18585.0 13023.0 9.0 708502.0 1.0 10723.0 0.0 7.0 0.0 0.0 1.0 2.0 0.0 1.0 3.0 193066.0 11564.0 7.0 5.0 20122.0 65.0 20.0 2520692.0 9.0 7827.0 7.0 40256.0 68152.0 64183.0 49628.0 229805.0 132641.0 10745.0 34804.0 11268.0
2	1.0 0.0 87454.0 84319.0 1.0 632292.0 1370218.0 2.0 158385.0 0.0 2546269.0 0.0 0.0 0.0 0.0 0.0 4.0 0.0 1.0 4.0 2.0 0.0 609374.0 139087.0 0.0 59.0 33484.0 0.0 693834.0 146.0 40284.0 0.0 2.0 0.0 0.0 1.0 0.0 1.0 0.0 0.0 119389.0 3397171.0 11.0 9.0 19709.0 1.0 18.0 20852.0 13.0 8339.0 5.0 17687.0 49816.0 23204.0 26154.0 315813.0 118821.0 17158.0 56448.0 28941.0
3	0.0 0.0 48230.0 104016.0 0.0 601283.0 421388.0 0.0 443554.0 6.0 6637594.0 2.0 1.0 0.0 1.0 1.0 0.0 0.0 3.0 1.0 0.0 0.0 97640.0 322957.0 0.0 160.0 14195.0 0.0 1639298.0 3.0 56110.0 0.0 2.0 1.0 1.0 1.0 2.0 0.0 0.0 0.0 84905.0 5308.0 27.0 18.0 13510.0 6.0 12.0 18409.0 19.0 5616.0 16.0 21159.0 27451.0 28169.0 33303.0 820462.0 366494.0 6976.0 2518882.0 64920.0
4	0.0 0.0 98647.0 174806.0 4.0 7229774.0 333475.0 0.0 86624.0 0.0 2429219.0 0.0 1.0 1.0 1.0 1.0 1.0 0.0 1.0 2.0 3.0 1.0 241043.0 222511.0 1.0 27657.0 7861.0 0.0 791799.0 0.0 12918.0 1.0 1.0 0.0 0.0 1.0 0.0 0.0 1.0 0.0 74219.0 10792.0 9.0 5.0 16174.0 2.0 10.0 23744.0 4.0 9506.0 10.0 30537.0 31321.0 5419298.0 58238.0 234679.0 125325.0 12855.0 31687.0 3773.0
5	1.0 0.0 3373.0 1706934.0 3.0 3946016.0 1995679.0 4.0 23706.0 1.0 7631455.0 0.0 2.0 0.0 0.0 1.0 0.0 0.0 2.0 6.0 3.0 0.0 213242.0 1936584.0 0.0 27252.0 34381.0 0.0 900895.0 0.0 24796.0 0.0 1.0 1.0 0.0 0.0 0.0 0.0 3.0 0.0 345637.0 4495.0 29.0 21.0 16141.0 25.0 17.0 26739.0 16.0 9752.0 13.0 37256.0 53492.0 55184.0 4079402.0 315751.0 687851.0 12551.0 43701.0 62450.0
6	2.0 0.0 221248.0 200615.0 5.0 1920841.0 1.1771917E7 0.0 92432.0 1.0 2068817.0 0.0 2.0 0.0 5.0 1.0 5.0 1.0 1.0 3.0 6.0 0.0 2676826.0 403700.0 1.0 60.0 180683.0 1.0 642413.0 0.0 12776.0 0.0 3.0 1.0 0.0 1.0 3.0 0.0 2.0 1.0 1168701.0 21002.0 30.0 9.0 58965.0 16.0 50.0 74377.0 12.0 21348.0 24.0 49165.0 3477821.0 50485.0 68571.0 357447.0 413864.0 26623.0 35322.0 197602.0
7	4.0 0.0 13064.0 40126.0 0.0 9168819.0 777942.0 1.0 80235.0 0.0 1095507.0 0.0 0.0 1.0 1.0 1.0 1.0 0.0 1.0 2.0 1.0 0.0 223842.0 154221.0 0.0 66044.0 20394.0 0.0 635630.0 0.0 17531.0 0.0 2.0 0.0 0.0 0.0 1.0 1.0 0.0 1.0 170796.0 20625.0 10.0 4.0 16355.0 4.0 4.0 51690.0 4.0 13577.0 4.0 3178897.0 57066.0 47957.0 80884.0 300633.0 138373.0 13662.0 42185.0 17572.0
8	7.0 1.0 135201.0 66671.0 1.0 558604.0 1622057.0 0.0 91958.0 19.0 1368272.0 7.0 7.0 0.0 1.0 0.0 7.0 1.0 1.0 2.0 3.0 0.0 525873.0 110270.0 0.0 18.0 25509.0 0.0 460449.0 1.0 16406.0 1.0 3.0 0.0 0.0 1.0 1.0 2.0 2.0 0.0 121832.0 21136.0 5.0 7.0 26299.0 8.0 11.0 24368.0 3.0 2425529.0 11.0 20295.0 75319.0 32585.0 31363.0 254069.0 76399.0 19778.0 36312.0 14589.0
9	0.0 1.0 91023.0 120202.0 1.0 582552.0 1693476.0 0.0 93294.0 2.0 1802214.0 0.0 2.0 0.0 1.0 0.0 7.0 5.0 1.0 2.0 1.0 0.0 543410.0 181780.0 1.0 115.0 33660.0 0.0 495975.0 1.0 22727.0 0.0 9.0 0.0 0.0 1.0 3.0 0.0 0.0 0.0 178718.0 10487.0 31.0 14.0 30615.0 64.0 34.0 22061.0 12.0 17934.0 3.0 22259.0 74226.0 39821.0 42705.0 294730.0 96510.0 2094484.0 31337.0 27584.0
