0 1 2 3 4 5 6 7 8 9
1.000 0.000 0.000 1634.000 268908.000 1.000 322460.000 17223.000 0.000 2.000
0.000 0.000 0.000 13668.000 104680.000 2.000 473807.000 9983.000 0.000 0.000
0.000 0.000 1.000 505.000 40629.000 2.000 455990.000 10142.000 1.000 0.000
3.000 1.000 0.000 286.000 36025.000 1.000 484372.000 11270.000 0.000 1.000
0.000 0.000 0.000 1966.000 49269.000 2.000 405013.000 6808.000 0.000 1.000
0.000 1.000 0.000 12.000 36433.000 1.000 592199.000 26330.000 0.000 2.000
3.000 0.000 3.000 58.000 512655.000 11.000 343136.000 9546.000 0.000 1.000
0.000 0.000 0.000 10230.000 32796.000 0.000 366260.000 12331.000 0.000 0.000
17.000 1.000 0.000 58.000 33940.000 2.000 901749.000 50693.000 0.000 1.000
0.000 0.000 2.000 1179.000 92757.000 0.000 338181.000 13532.000 0.000 0.000
2.000 2.000 0.000 36.000 1603822.000 2.000 244539.000 39309.000 0.000 0.000
3.000 1.000 0.000 35305.000 40814.000 0.000 328345.000 10321.000 0.000 0.000
3.000 1.000 0.000 23.000 42468.000 0.000 444392.000 9067.000 1.000 0.000
1.000 0.000 0.000 253.000 798713.000 8.000 444717.000 24794.000 0.000 0.000
6.000 1.000 0.000 810.000 253209.000 1.000 672094.000 99851.000 1.000 4.000
0.000 1.000 2.000 506.000 43342.000 1.000 509952.000 9160.000 1.000 2.000
1.000 0.000 0.000 40.000 301146.000 2.000 527538.000 19963.000 0.000 0.000
2.000 105.000 0.000 455.000 753463.000 1.000 335529.000 20591.000 5.000 3.000
0.000 0.000 2.000 63.000 510002.000 0.000 276222.000 24633.000 1.000 1.000
0.000 0.000 0.000 458.000 37972.000 0.000 525017.000 14327.000 1.000 0.000
2.000 2.000 3.000 21.000 161139.000 0.000 549048.000 61300.000 0.000 0.000
1.000 1.000 2.000 34093.000 211885.000 0.000 393910.000 2337.000 0.000 0.000
1.000 0.000 0.000 15.000 43381.000 2.000 604328.000 12262.000 0.000 2.000
0.000 0.000 0.000 1670.000 47223.000 0.000 461191.000 18190.000 0.000 0.000
1.000 0.000 0.000 11.000 39220.000 0.000 774594.000 7458.000 0.000 1.000
