0 1 2 3 4 5 6 7 8 9 10 11 12 13 14 15 16 17 18 19
0.000 1.000 0.000 300319.000 10.000 0.000 5961.000 354.000 1.000 156820.000 101.000 4334.000 439186.000 1.000 439.000 0.000 0.000 14.000 0.000 0.000
1.000 0.000 1.000 50915.000 0.000 1.000 5940.000 27.000 0.000 121580.000 3.000 23747.000 460635.000 4.000 90.000 0.000 0.000 10.000 0.000 0.000
0.000 0.000 1.000 75360.000 0.000 0.000 840.000 7724.000 0.000 171959.000 1.000 1088.000 241328.000 0.000 9150.000 1.000 0.000 0.000 0.000 0.000
0.000 0.000 1.000 51450.000 0.000 0.000 7285.000 1.000 1.000 110331.000 1.000 54694.000 754405.000 1.000 127.000 4.000 0.000 1.000 0.000 0.000
0.000 1.000 1.000 200943.000 0.000 0.000 50849.000 52.000 0.000 810180.000 2.000 11881.000 213449.000 0.000 180.000 0.000 2.000 1.000 3.000 1.000
0.000 1.000 0.000 57132.000 0.000 0.000 11694.000 66.000 0.000 643616.000 1.000 114.000 211619.000 0.000 12523.000 2.000 0.000 0.000 0.000 0.000
0.000 4.000 3.000 1093302.000 0.000 6.000 86263.000 20.000 0.000 102123.000 3.000 20897.000 214956.000 0.000 96.000 18.000 0.000 1.000 3.000 1.000
0.000 0.000 0.000 70283.000 1.000 4.000 935.000 177.000 0.000 131917.000 2.000 31407.000 549003.000 1.000 59.000 0.000 2.000 8.000 0.000 2.000
0.000 0.000 1.000 1493740.000 0.000 1.000 109549.000 3540.000 0.000 243105.000 0.000 385.000 240847.000 0.000 4330.000 2.000 0.000 2.000 1.000 2.000
0.000 0.000 0.000 775419.000 0.000 1.000 37010.000 16100.000 1.000 163592.000 0.000 302.000 229767.000 0.000 113.000 0.000 0.000 1.000 2.000 0.000
1.000 0.000 30.000 736101.000 0.000 0.000 8048.000 8679.000 1.000 126764.000 0.000 11847.000 324546.000 0.000 9.000 0.000 0.000 2.000 1.000 0.000
0.000 1.000 0.000 54043.000 0.000 1.000 14783.000 399.000 0.000 478593.000 1.000 129.000 334691.000 0.000 11974.000 0.000 0.000 1.000 1.000 0.000
0.000 2.000 0.000 144287.000 0.000 0.000 2633.000 15970.000 0.000 108367.000 1.000 6301.000 310869.000 0.000 6690.000 1.000 0.000 2.000 0.000 3.000
0.000 0.000 0.000 344789.000 0.000 0.000 20760.000 46.000 0.000 71148.000 1.000 16687.000 284122.000 0.000 21.000 0.000 0.000 0.000 1.000 0.000
0.000 1.000 0.000 146688.000 0.000 0.000 9342.000 1623.000 0.000 159760.000 0.000 13309.000 221157.000 1.000 147.000 0.000 1.000 0.000 0.000 2.000
0.000 3.000 0.000 64727.000 0.000 0.000 2678.000 707.000 1.000 850992.000 1.000 4926.000 274696.000 2.000 32574.000 0.000 0.000 0.000 0.000 0.000
0.000 0.000 0.000 94740.000 0.000 3.000 9600.000 50237.000 1.000 90192.000 1.000 8604.000 233781.000 0.000 18.000 2.000 0.000 0.000 1.000 0.000
0.000 4.000 1.000 431250.000 0.000 0.000 28321.000 255.000 0.000 87939.000 1.000 1973.000 307419.000 0.000 627.000 2.000 0.000 7.000 0.000 0.000
0.000 1.000 1.000 81199.000 0.000 0.000 7185.000 674.000 1.000 178634.000 0.000 3850.000 244431.000 0.000 228.000 0.000 0.000 3.000 2.000 41.000
0.000 0.000 0.000 120495.000 0.000 0.000 10872.000 2614.000 0.000 128331.000 0.000 5675.000 259596.000 0.000 128.000 0.000 0.000 3.000 0.000 0.000
