0	0.0 1.0 8.0 202838.0 1.0 11.0 338410.0 435059.0 4.0 25621.0 3.0 1154540.0 97056.0 1.0 1039263.0 6.0 2.0 20.0 0.0 1.0 0.0 1.0 0.0 300319.0 10.0 0.0 5961.0 354.0 1.0 156820.0 101.0 4334.0 439186.0 1.0 439.0 0.0 0.0 14.0 0.0 0.0 1365.0 183140.0 14822.0 5.0 19433.0 7073.0 7.0 0.0 2309507.0 5.0 11432.0 6.0 14.0 15456.0 2.0 6744.0 9491.0 57473.0 12013.0 4208.0
1	2.0 0.0 2.0 59427.0 0.0 1.0 108715.0 243068.0 2.0 20723.0 0.0 1320776.0 89188.0 3.0 419838.0 2.0 0.0 1.0 1.0 1.0 1.0 0.0 1.0 50915.0 0.0 1.0 5940.0 27.0 0.0 121580.0 3.0 23747.0 460635.0 4.0 90.0 0.0 0.0 10.0 0.0 0.0 3240.0 151811.0 9561.0 11.0 10645.0 5647.0 7.0 6.0 16597.0 5.0 1377539.0 8.0 8.0 15264.0 8.0 6643.0 7546.0 28278.0 21358.0 4829.0
2	2.0 0.0 2.0 359.0 0.0 0.0 191125.0 2383617.0 1.0 27692.0 0.0 303457.0 32071.0 0.0 884982.0 2.0 0.0 0.0 0.0 0.0 0.0 0.0 1.0 75360.0 0.0 0.0 840.0 7724.0 0.0 171959.0 1.0 1088.0 241328.0 0.0 9150.0 1.0 0.0 0.0 0.0 0.0 5784.0 746711.0 19974.0 67.0 23383.0 8478.0 16.0 7.0 18040.0 10.0 5967.0 19.0 22.0 49333.0 11.0 13040.0 82635.0 71154.0 12012.0 7461.0
3	1.0 1.0 0.0 2784.0 0.0 0.0 230766.0 328778.0 1.0 19543.0 1.0 2657944.0 131147.0 0.0 400171.0 2.0 1.0 0.0 0.0 0.0 0.0 0.0 1.0 51450.0 0.0 0.0 7285.0 1.0 1.0 110331.0 1.0 54694.0 754405.0 1.0 127.0 4.0 0.0 1.0 0.0 0.0 753.0 208452.0 11924.0 20.0 8933.0 7086.0 10.0 5.0 13346.0 16.0 10067.0 15.0 38.0 13537.0 17.0 6963.0 12898.0 35909.0 2078626.0 4945.0
4	1.0 7.0 1.0 6680.0 0.0 1.0 2427997.0 508702.0 1.0 180529.0 2.0 544817.0 46568.0 12.0 2003566.0 0.0 1.0 1.0 2.0 2.0 0.0 1.0 1.0 200943.0 0.0 0.0 50849.0 52.0 0.0 810180.0 2.0 11881.0 213449.0 0.0 180.0 0.0 2.0 1.0 3.0 1.0 7302.0 1019731.0 17013.0 30.0 15416.0 25379.0 242.0 87.0 9658.0 11.0 4889.0 39.0 28.0 93575.0 46.0 6120.0 49704.0 333193.0 10010.0 7485.0
5	1.0 2.0 1.0 2615.0 0.0 0.0 213797.0 2172673.0 0.0 159117.0 0.0 299582.0 195.0 0.0 2900306.0 0.0 0.0 0.0 5.0 0.0 0.0 1.0 0.0 57132.0 0.0 0.0 11694.0 66.0 0.0 643616.0 1.0 114.0 211619.0 0.0 12523.0 2.0 0.0 0.0 0.0 0.0 9870.0 1126500.0 12313.0 36.0 21784.0 8732.0 4.0 6.0 18967.0 16.0 3636.0 10.0 18.0 57664.0 5.0 5770.0 42097.0 92985.0 4851.0 2794.0
6	2.0 0.0 2.0 50046.0 0.0 0.0 3330012.0 398002.0 0.0 33469.0 0.0 472870.0 19459.0 1.0 202265.0 1.0 2.0 0.0 0.0 0.0 0.0 4.0 3.0 1093302.0 0.0 6.0 86263.0 20.0 0.0 102123.0 3.0 20897.0 214956.0 0.0 96.0 18.0 0.0 1.0 3.0 1.0 4617.0 165330.0 51265.0 12.0 8676.0 3047763.0 11.0 0.0 13275.0 12.0 7720.0 19.0 8.0 11216.0 5.0 4956.0 13175.0 180632.0 13845.0 15883.0
7	1.0 2.0 0.0 2896.0 1.0 0.0 225132.0 230296.0 2.0 16089.0 0.0 1943084.0 116582.0 0.0 443232.0 1.0 1.0 2.0 1.0 4.0 0.0 0.0 0.0 70283.0 1.0 4.0 935.0 177.0 0.0 131917.0 2.0 31407.0 549003.0 1.0 59.0 0.0 2.0 8.0 0.0 2.0 3526.0 1002374.0 13984.0 167.0 14143.0 10011.0 9.0 6.0 20468.0 12.0 8738.0 19.0 15.0 20270.0 12.0 1888.0 26140.0 60756.0 42041.0 3817.0
8	3.0 1.0 0.0 164029.0 1.0 2.0 6054832.0 271041.0 0.0 50897.0 0.0 730934.0 37819.0 4.0 664644.0 2.0 0.0 0.0 0.0 1.0 0.0 0.0 1.0 1493740.0 0.0 1.0 109549.0 3540.0 0.0 243105.0 0.0 385.0 240847.0 0.0 4330.0 2.0 0.0 2.0 1.0 2.0 7739.0 337346.0 51495.0 72.0 17913.0 59799.0 38.0 1.0 21449.0 20.0 11758.0 18.0 33.0 23501.0 39.0 24687.0 29136.0 2362883.0 16720.0 22980.0
9	1.0 0.0 2.0 31588.0 0.0 1.0 3119641.0 2446195.0 2.0 38512.0 3.0 360336.0 20428.0 0.0 318795.0 0.0 1.0 3.0 0.0 0.0 0.0 0.0 0.0 775419.0 0.0 1.0 37010.0 16100.0 1.0 163592.0 0.0 302.0 229767.0 0.0 113.0 0.0 0.0 1.0 2.0 0.0 12567.0 306507.0 43705.0 55.0 28616.0 32131.0 12.0 3.0 20568.0 12.0 9980.0 10.0 15.0 21606.0 14.0 10917.0 61710.0 1475761.0 14925.0 29408.0
10	1.0 0.0 25.0 302843.0 3.0 0.0 1015804.0 1439839.0 1.0 34880.0 1.0 974270.0 32632.0 5.0 599379.0 6.0 3.0 8.0 4.0 8.0 1.0 0.0 30.0 736101.0 0.0 0.0 8048.0 8679.0 1.0 126764.0 0.0 11847.0 324546.0 0.0 9.0 0.0 0.0 2.0 1.0 0.0 2974.0 173705.0 16622.0 15.0 21488.0 16594.0 6.0 1.0 14126.0 11.0 8645.0 11.0 17.0 12907.0 15.0 2929713.0 19121.0 119322.0 11103.0 10359.0
11	0.0 5.0 1.0 8956.0 0.0 0.0 245384.0 511808.0 0.0 79826.0 0.0 770653.0 58965.0 1.0 2428167.0 3.0 0.0 3.0 0.0 1.0 0.0 1.0 0.0 54043.0 0.0 1.0 14783.0 399.0 0.0 478593.0 1.0 129.0 334691.0 0.0 11974.0 0.0 0.0 1.0 1.0 0.0 3970.0 1119966.0 13402.0 34.0 15325.0 11366.0 9.0 6.0 15324.0 31.0 4173.0 25.0 29.0 34479.0 9.0 3055.0 23377.0 74720.0 12182.0 2957.0
12	0.0 1.0 1.0 28049.0 0.0 0.0 143820.0 4693446.0 0.0 13512.0 0.0 395445.0 23698.0 1.0 523058.0 1.0 0.0 3.0 0.0 1.0 0.0 2.0 0.0 144287.0 0.0 0.0 2633.0 15970.0 0.0 108367.0 1.0 6301.0 310869.0 0.0 6690.0 1.0 0.0 2.0 0.0 3.0 2445.0 120033.0 6973.0 10.0 3528475.0 4237.0 2.0 2.0 18422.0 8.0 5093.0 4.0 3.0 19950.0 15.0 7155.0 25019.0 27498.0 8804.0 3744.0
13	1.0 0.0 0.0 70768.0 0.0 1.0 977717.0 280606.0 0.0 17274.0 0.0 649210.0 41202.0 1.0 249389.0 2.0 0.0 1.0 0.0 1.0 0.0 0.0 0.0 344789.0 0.0 0.0 20760.0 46.0 0.0 71148.0 1.0 16687.0 284122.0 0.0 21.0 0.0 0.0 0.0 1.0 0.0 3202.0 139287.0 22492.0 13.0 9087.0 21342.0 13.0 0.0 15068.0 3.0 8562.0 6.0 20.0 11124.0 4.0 6929.0 9578.0 77114.0 22348.0 1878455.0
14	0.0 4.0 1.0 39733.0 3.0 4.0 374894.0 537584.0 0.0 33559.0 2.0 565391.0 42580.0 2.0 771610.0 3.0 1.0 32.0 2.0 23.0 0.0 1.0 0.0 146688.0 0.0 0.0 9342.0 1623.0 0.0 159760.0 0.0 13309.0 221157.0 1.0 147.0 0.0 1.0 0.0 0.0 2.0 1374372.0 136025.0 13410.0 15.0 10872.0 9284.0 5.0 3.0 15764.0 9.0 8774.0 5.0 11.0 21792.0 6.0 8233.0 16519.0 52675.0 16095.0 5306.0
15	1.0 1.0 5.0 766.0 0.0 2.0 453566.0 1315387.0 0.0 239182.0 1.0 698380.0 11774.0 1.0 2918102.0 6.0 0.0 0.0 0.0 3.0 0.0 3.0 0.0 64727.0 0.0 0.0 2678.0 707.0 1.0 850992.0 1.0 4926.0 274696.0 2.0 32574.0 0.0 0.0 0.0 0.0 0.0 3328.0 324571.0 13736.0 4.0 15528.0 6706.0 9.0 4.0 13032.0 10.0 4812.0 6.0 6.0 2342158.0 6.0 6794.0 20185.0 68220.0 9333.0 3922.0
16	0.0 0.0 8.0 416.0 0.0 0.0 216932.0 5649740.0 0.0 13893.0 1.0 228468.0 11570.0 1.0 171478.0 3.0 1.0 1.0 0.0 1.0 0.0 0.0 0.0 94740.0 0.0 3.0 9600.0 50237.0 1.0 90192.0 1.0 8604.0 233781.0 0.0 18.0 2.0 0.0 0.0 1.0 0.0 5266.0 227121.0 19724.0 2.0 15235.0 8982.0 5.0 1.0 11287.0 0.0 7667.0 2.0 6.0 20341.0 3.0 9336.0 1896909.0 40908.0 13378.0 9169.0
17	3.0 0.0 0.0 36450.0 2.0 0.0 1696439.0 548592.0 0.0 27763.0 17.0 665391.0 17325.0 0.0 195104.0 1.0 8.0 1.0 0.0 0.0 0.0 4.0 1.0 431250.0 0.0 0.0 28321.0 255.0 0.0 87939.0 1.0 1973.0 307419.0 0.0 627.0 2.0 0.0 7.0 0.0 0.0 1595.0 151453.0 2087953.0 5.0 11089.0 18529.0 58.0 130.0 10932.0 6.0 6680.0 7.0 14.0 10397.0 7.0 7609.0 18537.0 99995.0 13066.0 8639.0
18	0.0 0.0 2.0 19214.0 0.0 2.0 246768.0 950319.0 2.0 38973.0 1.0 667157.0 37527.0 1.0 1031969.0 1.0 0.0 1.0 1.0 1.0 0.0 1.0 1.0 81199.0 0.0 0.0 7185.0 674.0 1.0 178634.0 0.0 3850.0 244431.0 0.0 228.0 0.0 0.0 3.0 2.0 41.0 4811.0 215395.0 10128.0 6.0 1154131.0 7243.0 3.0 3.0 29336.0 8.0 5304.0 7.0 5.0 26429.0 10.0 9257.0 21039.0 43508.0 15238.0 4511.0
19	0.0 1.0 5.0 10259.0 0.0 0.0 528400.0 1438983.0 2.0 46157.0 2.0 779050.0 63981.0 0.0 458806.0 2.0 0.0 0.0 1.0 0.0 0.0 0.0 0.0 120495.0 0.0 0.0 10872.0 2614.0 0.0 128331.0 0.0 5675.0 259596.0 0.0 128.0 0.0 0.0 3.0 0.0 0.0 2746.0 196884.0 15723.0 14.0 19505.0 8366.0 2.0 1.0 11010.0 3.0 5507.0 9.0 10.0 17571.0 11.0 6540.0 1157755.0 55193.0 19940.0 7945.0
