0 1 2 3 4 5 6 7 8 9
2.000 56101.000 1.000 2099770.000 0.000 0.000 1.000 15.000 0.000 0.000
0.000 234988.000 12.000 2545624.000 0.000 0.000 2.000 26.000 0.000 1.000
0.000 32173.000 0.000 1002996.000 1.000 2.000 0.000 63009.000 0.000 0.000
0.000 116532.000 0.000 2541058.000 0.000 1.000 0.000 4.000 0.000 1.000
1.000 69081.000 0.000 1787344.000 0.000 2.000 1.000 4.000 0.000 0.000
0.000 40475.000 0.000 1671583.000 1.000 1.000 11.000 5.000 1.000 1.000
1.000 40296.000 0.000 1747859.000 2.000 0.000 0.000 34.000 0.000 0.000
0.000 21890.000 0.000 1336356.000 25.000 0.000 2.000 33214.000 0.000 0.000
0.000 27510.000 0.000 1481461.000 0.000 2.000 0.000 12481.000 0.000 0.000
0.000 59349.000 0.000 1494100.000 0.000 0.000 15.000 70.000 2.000 0.000
