0	1.0 4816020.0 0.0 406672.0 2.0 5.0 4.0 1810555.0 1.0 0.0 2.0 56101.0 1.0 2099770.0 0.0 0.0 1.0 15.0 0.0 0.0 57490.0 8.0 117352.0 4.0 56303.0 63298.0 4701731.0 3.0 305477.0 43955.0
1	0.0 7399997.0 1.0 178551.0 0.0 2.0 1.0 2504262.0 0.0 0.0 0.0 234988.0 12.0 2545624.0 0.0 0.0 2.0 26.0 0.0 1.0 46609.0 14.0 5037779.0 15.0 61811.0 68864.0 50549.0 31.0 379239.0 36569.0
2	3.0 955311.0 0.0 56269.0 0.0 1.0 0.0 8638832.0 0.0 0.0 0.0 32173.0 0.0 1002996.0 1.0 2.0 0.0 63009.0 0.0 0.0 35749.0 3.0 54544.0 5.0 76439.0 111251.0 26473.0 7.0 2766226.0 91760.0
3	0.0 8886418.0 1.0 480640.0 2.0 2.0 0.0 1309487.0 4.0 0.0 0.0 116532.0 0.0 2541058.0 0.0 1.0 0.0 4.0 0.0 1.0 43714.0 130.0 84373.0 167.0 44653.0 106241.0 26559.0 37.0 3856857.0 53368.0
4	0.0 5161510.0 0.0 306466.0 5.0 1.0 0.0 2696172.0 0.0 0.0 1.0 69081.0 0.0 1787344.0 0.0 2.0 1.0 4.0 0.0 0.0 31181.0 8.0 54008.0 14.0 42157.0 3581532.0 27599.0 45.0 404656.0 56712.0
5	1.0 3740541.0 1.0 607479.0 0.0 2.0 14.0 1845466.0 0.0 0.0 0.0 40475.0 0.0 1671583.0 1.0 1.0 11.0 5.0 1.0 1.0 3906759.0 6.0 49515.0 18.0 55301.0 60591.0 40903.0 4.0 294021.0 66417.0
6	0.0 5208213.0 0.0 271190.0 2.0 1.0 1.0 3290820.0 0.0 0.0 1.0 40296.0 0.0 1747859.0 2.0 0.0 0.0 34.0 0.0 0.0 47761.0 21.0 96197.0 72.0 51338.0 97039.0 46092.0 40.0 2535428.0 86364.0
7	0.0 1688612.0 0.0 218588.0 1.0 1.0 0.0 9458209.0 0.0 0.0 0.0 21890.0 0.0 1336356.0 25.0 0.0 2.0 33214.0 0.0 0.0 51073.0 4.0 28056.0 6.0 39705.0 67355.0 36733.0 2.0 329921.0 5812823.0
8	0.0 3402617.0 0.0 186286.0 0.0 0.0 0.0 5605163.0 0.0 0.0 0.0 27510.0 0.0 1481461.0 0.0 2.0 0.0 12481.0 0.0 0.0 48581.0 82.0 72194.0 32.0 52799.0 109330.0 40774.0 61.0 2429552.0 80358.0
9	1.0 3721999.0 0.0 385711.0 1.0 2.0 2.0 1581777.0 0.0 1.0 0.0 59349.0 0.0 1494100.0 0.0 0.0 15.0 70.0 2.0 0.0 39725.0 24.0 53305.0 13.0 3844519.0 54256.0 40499.0 5.0 315664.0 53393.0
