0 1 2 3 4 5 6 7 8 9 10 11 12 13 14 15 16 17 18 19 20 21 22 23 24 25 26 27 28 29 30 31 32 33 34 35 36 37 38 39 40 41 42 43 44 45 46 47 48 49
0.000 5.000 0.000 0.000 1.000 0.000 8.000 0.000 1.000 0.000 0.000 0.000 1.000 1.000 0.000 0.000 0.000 503452.000 1.000 0.000 0.000 12645.000 2.000 2.000 6.000 2.000 0.000 660.000 3.000 216365.000 0.000 1.000 0.000 0.000 4774.000 22.000 2.000 23762.000 0.000 0.000 0.000 1.000 239523.000 0.000 1.000 0.000 0.000 0.000 3541.000 0.000
5.000 1.000 5.000 2.000 12.000 0.000 3.000 1.000 0.000 0.000 0.000 0.000 1.000 2.000 0.000 0.000 15.000 27431.000 0.000 0.000 5.000 241855.000 1.000 0.000 2.000 3.000 0.000 15182.000 6.000 120880.000 1.000 5.000 0.000 0.000 184.000 27.000 0.000 12896.000 0.000 0.000 0.000 0.000 387351.000 0.000 6.000 0.000 271.000 0.000 34.000 0.000
2.000 2.000 0.000 0.000 1.000 0.000 17.000 0.000 0.000 0.000 0.000 6.000 1.000 0.000 0.000 0.000 0.000 49936.000 2.000 1.000 0.000 43672.000 1.000 0.000 8.000 2.000 0.000 4953.000 0.000 132043.000 0.000 1.000 0.000 1.000 2412.000 11.000 0.000 1149.000 0.000 0.000 0.000 3.000 203702.000 0.000 1.000 0.000 0.000 0.000 2.000 0.000
11.000 2.000 1.000 2.000 1.000 1.000 2.000 2.000 5.000 0.000 0.000 0.000 0.000 1.000 0.000 0.000 1.000 32106.000 0.000 0.000 0.000 36939.000 1.000 1.000 5.000 0.000 5.000 7214.000 0.000 226256.000 1.000 1.000 0.000 1.000 12.000 50671.000 6.000 7482.000 0.000 0.000 0.000 0.000 91037.000 0.000 2.000 0.000 0.000 0.000 9.000 0.000
16.000 0.000 0.000 0.000 0.000 0.000 0.000 3.000 10.000 0.000 0.000 1.000 1.000 0.000 0.000 0.000 0.000 40491.000 0.000 0.000 0.000 137131.000 0.000 0.000 2.000 0.000 0.000 10910.000 5.000 143657.000 0.000 0.000 1.000 0.000 15.000 15.000 0.000 3322.000 1.000 0.000 0.000 0.000 124835.000 0.000 1.000 0.000 0.000 1.000 1496.000 0.000
1.000 1.000 0.000 0.000 0.000 0.000 36.000 2.000 1.000 0.000 0.000 0.000 0.000 0.000 0.000 0.000 0.000 30847.000 0.000 0.000 0.000 41979.000 0.000 1.000 1.000 0.000 1.000 11649.000 27.000 302488.000 0.000 1.000 0.000 0.000 10571.000 666.000 2.000 33.000 0.000 1.000 0.000 0.000 91229.000 0.000 0.000 0.000 0.000 0.000 27.000 0.000
2.000 2.000 0.000 4.000 0.000 0.000 1.000 1.000 0.000 2.000 0.000 0.000 4.000 0.000 0.000 9.000 0.000 61182.000 0.000 1.000 0.000 137622.000 0.000 1.000 0.000 2.000 0.000 983.000 25.000 135603.000 0.000 2.000 0.000 0.000 84.000 10.000 0.000 9603.000 1.000 0.000 0.000 0.000 239836.000 0.000 4.000 0.000 0.000 0.000 475.000 0.000
1.000 3.000 0.000 0.000 0.000 0.000 1.000 2.000 0.000 1.000 0.000 0.000 0.000 0.000 0.000 0.000 0.000 43819.000 0.000 0.000 0.000 21878.000 0.000 1.000 12.000 5.000 0.000 2087.000 55.000 641804.000 0.000 2.000 0.000 0.000 11268.000 49.000 0.000 171.000 0.000 0.000 0.000 0.000 169258.000 0.000 0.000 0.000 0.000 0.000 242223.000 0.000
0.000 0.000 0.000 0.000 0.000 1.000 0.000 0.000 1.000 0.000 0.000 0.000 0.000 3.000 0.000 0.000 1.000 25328.000 0.000 0.000 0.000 1066999.000 0.000 1.000 0.000 0.000 0.000 63603.000 1.000 235255.000 0.000 2.000 0.000 0.000 321.000 6449.000 0.000 28.000 0.000 0.000 0.000 0.000 342166.000 0.000 5.000 0.000 0.000 1.000 8.000 0.000
1.000 1.000 1.000 2.000 0.000 0.000 0.000 1.000 0.000 0.000 0.000 0.000 12.000 1.000 0.000 0.000 0.000 41754.000 3.000 1.000 3.000 142974.000 3.000 0.000 7.000 0.000 0.000 7614.000 3.000 129578.000 0.000 1.000 0.000 0.000 525.000 39.000 9.000 55.000 1.000 4.000 0.000 0.000 176072.000 0.000 1.000 0.000 0.000 0.000 6411.000 0.000
6.000 5.000 1.000 3.000 2.000 0.000 2.000 4.000 0.000 0.000 0.000 0.000 0.000 0.000 0.000 0.000 0.000 34860.000 0.000 0.000 0.000 23526.000 0.000 1.000 5.000 0.000 0.000 204.000 1.000 300286.000 0.000 2.000 0.000 0.000 7268.000 1112.000 0.000 8983.000 0.000 0.000 0.000 0.000 86928.000 0.000 1.000 0.000 0.000 0.000 223.000 0.000
3.000 0.000 1.000 1.000 1.000 0.000 5.000 0.000 3.000 1.000 0.000 0.000 0.000 0.000 0.000 0.000 0.000 32406.000 0.000 1.000 0.000 89343.000 2.000 10.000 3.000 1.000 0.000 83933.000 1.000 954565.000 0.000 1.000 1.000 0.000 9281.000 10.000 0.000 156.000 0.000 0.000 0.000 4.000 348819.000 0.000 1.000 0.000 0.000 0.000 61297.000 0.000
1.000 1.000 0.000 1.000 1.000 0.000 1.000 7.000 1.000 0.000 0.000 0.000 0.000 0.000 0.000 0.000 2.000 39870.000 0.000 0.000 0.000 24910.000 0.000 0.000 0.000 0.000 0.000 2084.000 2.000 788424.000 0.000 0.000 0.000 0.000 15760.000 27.000 0.000 2.000 0.000 0.000 0.000 6.000 121935.000 0.000 0.000 0.000 0.000 0.000 15023.000 0.000
2.000 2.000 0.000 2.000 0.000 0.000 9.000 1.000 3.000 1.000 0.000 0.000 7.000 0.000 0.000 0.000 0.000 44205.000 0.000 0.000 0.000 160365.000 6.000 1.000 10.000 0.000 0.000 20906.000 25.000 135212.000 0.000 4.000 0.000 0.000 4279.000 117.000 0.000 63.000 0.000 0.000 0.000 1.000 240760.000 0.000 17.000 0.000 1.000 0.000 301.000 0.000
3.000 1.000 0.000 5.000 0.000 1.000 0.000 6.000 4.000 0.000 0.000 0.000 1.000 3.000 0.000 1.000 0.000 48271.000 0.000 0.000 0.000 62046.000 5.000 0.000 7.000 1.000 0.000 214.000 27.000 325091.000 0.000 11.000 0.000 0.000 9948.000 13652.000 1.000 3290.000 0.000 4.000 0.000 4.000 109498.000 0.000 7.000 0.000 0.000 0.000 46.000 0.000
0.000 10.000 0.000 6.000 1.000 0.000 3.000 7.000 7.000 0.000 0.000 0.000 1.000 1.000 0.000 0.000 0.000 160191.000 5.000 3.000 2.000 105085.000 0.000 2.000 2.000 6.000 0.000 5871.000 5.000 215125.000 0.000 4.000 0.000 1.000 503.000 15.000 5.000 4849.000 3.000 0.000 0.000 1.000 235183.000 0.000 1.000 0.000 0.000 0.000 236.000 2.000
1.000 0.000 0.000 0.000 3.000 0.000 2.000 0.000 1.000 0.000 0.000 0.000 0.000 1.000 0.000 0.000 1.000 30605.000 1.000 0.000 0.000 332901.000 2.000 0.000 2.000 0.000 0.000 40053.000 9.000 120635.000 0.000 1.000 0.000 0.000 7082.000 6.000 0.000 76.000 0.000 1.000 0.000 1.000 295934.000 0.000 3.000 0.000 0.000 0.000 1284.000 1.000
4.000 2.000 2.000 4.000 0.000 0.000 3.000 7.000 3.000 0.000 0.000 0.000 1.000 1.000 0.000 0.000 0.000 39621.000 0.000 1.000 0.000 137466.000 1.000 0.000 0.000 4.000 0.000 25605.000 4.000 120557.000 0.000 0.000 0.000 0.000 86.000 4119.000 0.000 36.000 0.000 3.000 0.000 2.000 306613.000 0.000 1.000 0.000 0.000 0.000 20.000 0.000
1.000 4.000 1.000 0.000 0.000 0.000 1.000 0.000 1.000 1.000 0.000 0.000 6.000 0.000 0.000 0.000 0.000 212606.000 2.000 0.000 0.000 34954.000 0.000 1.000 4.000 0.000 0.000 5176.000 5.000 216463.000 1.000 1.000 0.000 0.000 93.000 1.000 4.000 11926.000 1.000 0.000 0.000 0.000 162973.000 0.000 7.000 0.000 0.000 0.000 5351.000 0.000
3.000 0.000 0.000 2.000 0.000 0.000 4.000 3.000 6.000 0.000 0.000 1.000 1.000 0.000 0.000 0.000 0.000 50021.000 0.000 1.000 0.000 57104.000 1.000 2.000 2.000 0.000 0.000 7990.000 2.000 166141.000 0.000 2.000 1.000 1.000 4532.000 1478.000 1.000 453.000 0.000 0.000 1.000 0.000 181108.000 0.000 3.000 0.000 0.000 0.000 4229.000 0.000
3.000 7.000 0.000 6.000 0.000 0.000 0.000 0.000 5.000 0.000 0.000 0.000 0.000 0.000 0.000 0.000 0.000 67181.000 0.000 0.000 1.000 24227.000 0.000 1.000 1.000 0.000 0.000 5099.000 8.000 260330.000 0.000 2.000 0.000 0.000 8268.000 82.000 2.000 7001.000 0.000 0.000 0.000 0.000 137981.000 0.000 2.000 0.000 0.000 0.000 28.000 0.000
0.000 8.000 1.000 3.000 1.000 1.000 0.000 2.000 0.000 2.000 0.000 4.000 0.000 0.000 0.000 0.000 1.000 24999.000 0.000 0.000 0.000 65022.000 0.000 1.000 0.000 0.000 0.000 12599.000 1.000 553594.000 1.000 1.000 0.000 0.000 4282.000 27.000 0.000 1034.000 0.000 1.000 0.000 0.000 125606.000 0.000 5.000 0.000 0.000 0.000 143.000 0.000
1.000 0.000 1.000 0.000 1.000 1.000 2.000 0.000 1.000 1.000 0.000 1.000 0.000 1.000 42.000 0.000 0.000 38866.000 1.000 0.000 0.000 70792.000 2.000 0.000 1.000 1.000 4.000 5331.000 0.000 321261.000 0.000 0.000 1.000 0.000 7931.000 340.000 0.000 6920.000 0.000 3.000 0.000 1.000 133034.000 0.000 1.000 0.000 0.000 0.000 45.000 0.000
0.000 6.000 0.000 2.000 0.000 2.000 215.000 4.000 5.000 0.000 0.000 1.000 1.000 2.000 0.000 1.000 0.000 83152.000 0.000 0.000 0.000 33107.000 1.000 1.000 7.000 0.000 0.000 6309.000 3620.000 143823.000 0.000 9.000 0.000 0.000 26.000 13.000 0.000 7151.000 0.000 0.000 0.000 0.000 145370.000 0.000 2.000 0.000 0.000 0.000 665.000 0.000
3.000 3.000 0.000 1.000 0.000 0.000 5.000 5.000 4.000 0.000 0.000 0.000 2.000 0.000 0.000 0.000 0.000 32740.000 1.000 2.000 0.000 638096.000 0.000 0.000 13.000 0.000 0.000 12193.000 5.000 138061.000 2.000 1.000 0.000 0.000 1253.000 28.000 4.000 1394.000 0.000 0.000 0.000 0.000 228140.000 0.000 14.000 0.000 0.000 0.000 7.000 0.000
