0 1 2 3 4 5 6 7 8 9 10 11 12 13 14 15 16 17 18 19
0.000 0.000 29568.000 0.000 350.000 0.000 12.000 0.000 0.000 0.000 1.000 0.000 0.000 0.000 57070.000 2.000 0.000 322288.000 0.000 1008634.000
0.000 2.000 7692.000 0.000 0.000 0.000 5223.000 0.000 0.000 0.000 1.000 17.000 0.000 0.000 20561.000 0.000 2.000 1042127.000 0.000 133340.000
0.000 0.000 11065.000 0.000 1.000 0.000 19856.000 0.000 2.000 2.000 2.000 0.000 0.000 0.000 1723.000 1.000 6.000 586908.000 0.000 106181.000
3.000 0.000 7274.000 0.000 0.000 0.000 3172.000 0.000 2.000 1.000 7.000 0.000 0.000 0.000 151906.000 0.000 5.000 763408.000 0.000 1958537.000
0.000 0.000 30348.000 0.000 0.000 5.000 6405.000 1.000 2.000 0.000 4.000 0.000 1.000 0.000 6743.000 0.000 1.000 1018641.000 0.000 82860.000
0.000 0.000 16628.000 0.000 0.000 1.000 1246.000 0.000 2.000 0.000 0.000 0.000 0.000 0.000 15314.000 1.000 2.000 534528.000 1.000 351620.000
1.000 0.000 6631.000 0.000 0.000 0.000 54230.000 0.000 1.000 0.000 1.000 18.000 0.000 0.000 15521.000 2.000 1.000 504157.000 0.000 148848.000
0.000 0.000 12570.000 0.000 0.000 0.000 8026.000 0.000 0.000 5.000 4.000 0.000 0.000 0.000 12027.000 2.000 0.000 449695.000 0.000 258322.000
3.000 7.000 7518.000 2.000 1.000 3.000 15134.000 0.000 1.000 0.000 6.000 1.000 0.000 0.000 38999.000 0.000 3.000 683117.000 5.000 439941.000
0.000 0.000 13364.000 0.000 1.000 1.000 251.000 0.000 1.000 0.000 2.000 1.000 0.000 0.000 26282.000 0.000 0.000 430569.000 0.000 522326.000
0.000 1.000 30010.000 0.000 0.000 3.000 294.000 1.000 0.000 1.000 4.000 2.000 0.000 1.000 5348.000 0.000 0.000 900077.000 1.000 156223.000
0.000 1.000 28631.000 0.000 0.000 0.000 39.000 0.000 0.000 0.000 0.000 0.000 0.000 0.000 13069.000 0.000 2.000 607186.000 0.000 182061.000
0.000 0.000 13844.000 0.000 0.000 2.000 4592.000 1.000 2.000 5.000 16.000 0.000 3.000 0.000 21174.000 0.000 0.000 373366.000 8.000 830454.000
1.000 2.000 85739.000 0.000 1.000 0.000 27.000 0.000 2.000 1.000 7.000 0.000 0.000 1.000 1138.000 3.000 1.000 1230139.000 0.000 86469.000
0.000 3.000 45461.000 0.000 0.000 0.000 35.000 1.000 1.000 0.000 0.000 1.000 0.000 0.000 56063.000 0.000 0.000 1666856.000 0.000 228219.000
