0	1.0 0.0 728190.0 0.0 1.0 2.0 326085.0 0.0 2.0 1.0 1.0 0.0 0.0 1.0 2729501.0 0.0 1.0 48012.0 1.0 84274.0 0.0 0.0 29568.0 0.0 350.0 0.0 12.0 0.0 0.0 0.0 1.0 0.0 0.0 0.0 57070.0 2.0 0.0 322288.0 0.0 1008634.0 5128.0 14436.0 7.0 7245.0 16388.0 20038.0 3.0 20670.0 311728.0 16224.0 97773.0 7695.0 7756.0 8243.0 4.0 2525029.0 27701.0 4.0 10353.0 11.0
1	0.0 0.0 3461715.0 1.0 0.0 1.0 2046029.0 0.0 2.0 0.0 2.0 6.0 0.0 2.0 856139.0 0.0 1.0 292905.0 0.0 20919.0 0.0 2.0 7692.0 0.0 0.0 0.0 5223.0 0.0 0.0 0.0 1.0 17.0 0.0 0.0 20561.0 0.0 2.0 1042127.0 0.0 133340.0 10450.0 63917.0 19.0 8792.0 14384.0 24127.0 4.0 1489618.0 584728.0 6460.0 50362.0 7688.0 26893.0 31135.0 12.0 5667.0 28649.0 37.0 8764.0 33.0
2	2.0 0.0 1476198.0 0.0 0.0 0.0 5457964.0 0.0 1.0 0.0 1.0 0.0 0.0 0.0 222866.0 0.0 0.0 65415.0 0.0 51752.0 0.0 0.0 11065.0 0.0 1.0 0.0 19856.0 0.0 2.0 2.0 2.0 0.0 0.0 0.0 1723.0 1.0 6.0 586908.0 0.0 106181.0 9898.0 19648.0 5.0 13159.0 5076.0 15627.0 4.0 40934.0 218100.0 12268.0 23819.0 7397.0 3528271.0 31983.0 7.0 5474.0 21131.0 10.0 10543.0 14.0
3	0.0 0.0 1456631.0 0.0 2.0 1.0 961232.0 0.0 0.0 1.0 0.0 0.0 0.0 2.0 9155149.0 0.0 0.0 113161.0 0.0 187519.0 3.0 0.0 7274.0 0.0 0.0 0.0 3172.0 0.0 2.0 1.0 7.0 0.0 0.0 0.0 151906.0 0.0 5.0 763408.0 0.0 1958537.0 3118.0 34593.0 11.0 21646.0 19803.0 92035.0 120.0 63065.0 945571.0 28275.0 3324498.0 18229.0 5685.0 18444.0 81.0 47023.0 38387.0 9.0 16488.0 100.0
4	0.0 1.0 3255355.0 1.0 0.0 0.0 2260682.0 0.0 1.0 3.0 3.0 0.0 0.0 1.0 322786.0 0.0 1.0 215021.0 2.0 12940.0 0.0 0.0 30348.0 0.0 0.0 5.0 6405.0 1.0 2.0 0.0 4.0 0.0 1.0 0.0 6743.0 0.0 1.0 1018641.0 0.0 82860.0 5014.0 69513.0 9.0 6263.0 7385.0 13656.0 5.0 31281.0 419370.0 5711.0 30265.0 5046.0 22501.0 1994710.0 3.0 6196.0 30844.0 16.0 9820.0 8.0
5	0.0 0.0 1340271.0 1.0 1.0 0.0 1063432.0 0.0 0.0 9.0 1.0 0.0 0.0 1.0 1200654.0 0.0 1.0 72655.0 1.0 67767.0 0.0 0.0 16628.0 0.0 0.0 1.0 1246.0 0.0 2.0 0.0 0.0 0.0 0.0 0.0 15314.0 1.0 2.0 534528.0 1.0 351620.0 8779.0 28065.0 9.0 8292.0 6187.0 20343.0 6.0 24329.0 290817.0 9215.0 48935.0 2170620.0 11862.0 17985.0 11.0 9574.0 23770.0 10.0 12290.0 24.0
6	1.0 0.0 599138.0 0.0 0.0 1.0 7550424.0 0.0 2.0 0.0 1.0 6.0 0.0 1.0 346052.0 0.0 1.0 42718.0 1.0 18360.0 1.0 0.0 6631.0 0.0 0.0 0.0 54230.0 0.0 1.0 0.0 1.0 18.0 0.0 0.0 15521.0 2.0 1.0 504157.0 0.0 148848.0 18184.0 23487.0 1.0 14992.0 14360.0 50889.0 2.0 2404978.0 236402.0 11528.0 32918.0 13071.0 33972.0 35931.0 2.0 7930.0 26380.0 10.0 17295.0 6.0
7	0.0 1.0 1401822.0 0.0 1.0 0.0 1041618.0 0.0 0.0 3.0 0.0 1.0 0.0 0.0 634130.0 0.0 1.0 87100.0 0.0 63454.0 0.0 0.0 12570.0 0.0 0.0 0.0 8026.0 0.0 0.0 5.0 4.0 0.0 0.0 0.0 12027.0 2.0 0.0 449695.0 0.0 258322.0 11248.0 16661.0 4.0 1681433.0 6224.0 19587.0 3.0 26750.0 279226.0 12394.0 38574.0 5616.0 24626.0 20515.0 4.0 7325.0 29913.0 5.0 11766.0 10.0
8	1.0 0.0 1155533.0 0.0 0.0 2.0 3091869.0 1.0 1.0 1.0 2.0 2.0 0.0 0.0 2607491.0 1.0 0.0 95461.0 0.0 25543.0 3.0 7.0 7518.0 2.0 1.0 3.0 15134.0 0.0 1.0 0.0 6.0 1.0 0.0 0.0 38999.0 0.0 3.0 683117.0 5.0 439941.0 9821.0 40570.0 16.0 11338.0 17702.0 1449076.0 3.0 73787.0 564481.0 14679.0 112073.0 11593.0 22463.0 23119.0 5.0 11273.0 39036.0 15.0 16560.0 21.0
9	1.0 0.0 1277569.0 0.0 1.0 3.0 474093.0 0.0 0.0 2.0 0.0 0.0 0.0 0.0 1463830.0 0.0 1.0 74765.0 2.0 53765.0 0.0 0.0 13364.0 0.0 1.0 1.0 251.0 0.0 1.0 0.0 2.0 1.0 0.0 0.0 26282.0 0.0 0.0 430569.0 0.0 522326.0 5106.0 16535.0 21.0 10633.0 2234310.0 27495.0 3.0 28260.0 274677.0 10845.0 71667.0 8414.0 9104.0 19556.0 30.0 21704.0 24973.0 18.0 13273.0 15.0
10	2.0 1.0 3132227.0 1.0 0.0 1.0 873783.0 0.0 2.0 0.0 5.0 0.0 0.0 1.0 381546.0 1.0 1.0 180852.0 0.0 113201.0 0.0 1.0 30010.0 0.0 0.0 3.0 294.0 1.0 0.0 1.0 4.0 2.0 0.0 1.0 5348.0 0.0 0.0 900077.0 1.0 156223.0 2203238.0 22014.0 13.0 11906.0 3589.0 14566.0 4.0 25362.0 364485.0 9696.0 25656.0 4296.0 20482.0 20722.0 8.0 5985.0 59750.0 15.0 9025.0 8.0
11	0.0 3.0 2145964.0 0.0 0.0 10.0 392840.0 1.0 8.0 1.0 2.0 0.0 0.0 0.0 566825.0 1.0 1.0 113625.0 0.0 36686.0 0.0 1.0 28631.0 0.0 0.0 0.0 39.0 0.0 0.0 0.0 0.0 0.0 0.0 0.0 13069.0 0.0 2.0 607186.0 0.0 182061.0 12545.0 20300.0 11.0 8345.0 6943.0 19791.0 77.0 19065.0 357675.0 7556.0 27306.0 5463.0 15675.0 16655.0 19.0 6642.0 42634.0 9.0 1536412.0 4.0
12	0.0 4.0 1089590.0 4.0 4.0 8.0 327096.0 1.0 3.0 4.0 100.0 2.0 0.0 9.0 1671798.0 9.0 5.0 59741.0 9.0 524277.0 0.0 0.0 13844.0 0.0 0.0 2.0 4592.0 1.0 2.0 5.0 16.0 0.0 3.0 0.0 21174.0 0.0 0.0 373366.0 8.0 830454.0 9059.0 13929.0 9.0 14445.0 5341.0 18127.0 2.0 20534.0 289233.0 2544921.0 65430.0 5551.0 26227.0 14334.0 12.0 16451.0 26332.0 12.0 8391.0 19.0
13	1.0 2.0 4390676.0 1.0 10.0 1.0 255403.0 3.0 1.0 1.0 1.0 1.0 0.0 7.0 346979.0 0.0 4.0 187915.0 0.0 41012.0 1.0 2.0 85739.0 0.0 1.0 0.0 27.0 0.0 2.0 1.0 7.0 0.0 0.0 1.0 1138.0 3.0 1.0 1230139.0 0.0 86469.0 6518.0 19604.0 26.0 7828.0 4764.0 12871.0 1.0 16239.0 567837.0 4710.0 23713.0 5260.0 5605.0 13989.0 14.0 6049.0 2029059.0 15.0 8211.0 32.0
14	0.0 0.0 4502753.0 0.0 1.0 0.0 891880.0 1.0 5.0 0.0 1.0 3.0 0.0 1.0 2610575.0 4.0 1.0 317226.0 0.0 7116.0 0.0 3.0 45461.0 0.0 0.0 0.0 35.0 1.0 1.0 0.0 0.0 1.0 0.0 0.0 56063.0 0.0 0.0 1666856.0 0.0 228219.0 6017.0 1999424.0 40.0 7018.0 2635.0 39376.0 10.0 60546.0 822812.0 8635.0 89653.0 4905.0 3601.0 50222.0 62.0 10582.0 37210.0 18.0 4893.0 35.0
