0 1 2 3 4 5 6 7 8 9 10 11 12 13 14 15 16 17 18 19 20 21 22 23 24
583091.000 610430.000 0.000 0.000 0.000 0.000 0.000 0.000 0.000 0.000 0.000 166828.000 16421.000 0.000 0.000 0.000 0.000 34.000 0.000 1.000 0.000 0.000 102621.000 0.000 1.000
43010.000 535721.000 0.000 0.000 1.000 0.000 0.000 0.000 37.000 0.000 0.000 121643.000 2867.000 1.000 0.000 0.000 0.000 53.000 1.000 0.000 0.000 0.000 10431.000 0.000 1.000
35104.000 154408.000 0.000 0.000 4.000 0.000 1.000 0.000 14.000 0.000 0.000 511954.000 1515.000 0.000 1.000 0.000 0.000 19377.000 0.000 1.000 1.000 3.000 5771.000 0.000 1.000
298903.000 79418.000 0.000 0.000 0.000 0.000 1.000 0.000 91.000 1.000 0.000 163446.000 27.000 0.000 0.000 0.000 0.000 9544.000 0.000 0.000 0.000 1.000 18258.000 0.000 1.000
145819.000 117437.000 0.000 0.000 0.000 0.000 2.000 1.000 38.000 4.000 0.000 173894.000 64.000 0.000 1.000 0.000 27.000 4897.000 29.000 0.000 1.000 0.000 12175.000 1.000 1.000
34329.000 528500.000 0.000 0.000 0.000 0.000 1.000 0.000 21.000 1.000 0.000 210434.000 2272.000 1.000 0.000 0.000 0.000 17869.000 0.000 0.000 0.000 3.000 143.000 0.000 1.000
158856.000 300108.000 58.000 0.000 0.000 0.000 0.000 0.000 6071.000 0.000 0.000 163778.000 512.000 0.000 0.000 0.000 0.000 11888.000 0.000 0.000 0.000 0.000 2720.000 0.000 0.000
230767.000 106830.000 0.000 0.000 0.000 1.000 0.000 0.000 325.000 1.000 0.000 194643.000 10.000 2.000 0.000 0.000 0.000 11.000 1.000 0.000 2.000 1.000 20141.000 0.000 7.000
31670.000 166376.000 0.000 1.000 1.000 0.000 0.000 3.000 35.000 1.000 1.000 683447.000 4624.000 1.000 0.000 0.000 0.000 12896.000 0.000 0.000 0.000 3.000 243.000 0.000 1.000
285383.000 98619.000 1.000 0.000 1.000 0.000 0.000 444.000 42.000 0.000 0.000 170347.000 59.000 0.000 1.000 0.000 0.000 29778.000 0.000 0.000 0.000 2.000 13461.000 2.000 0.000
220760.000 113642.000 0.000 0.000 0.000 0.000 3.000 2.000 157.000 1.000 0.000 168415.000 21.000 0.000 0.000 0.000 0.000 8223.000 0.000 1.000 0.000 2.000 7327.000 0.000 0.000
567708.000 274855.000 0.000 0.000 1.000 0.000 1.000 0.000 11629.000 0.000 0.000 124452.000 23.000 0.000 1.000 0.000 0.000 1272.000 4.000 0.000 1.000 11.000 28230.000 0.000 0.000
1143463.000 111575.000 1.000 0.000 0.000 0.000 0.000 0.000 11894.000 1.000 0.000 148464.000 348.000 0.000 0.000 0.000 0.000 8131.000 0.000 1.000 2.000 2.000 11079.000 0.000 1.000
58175.000 221914.000 0.000 0.000 1.000 4.000 18.000 1.000 1180.000 0.000 0.000 152366.000 1429.000 0.000 0.000 0.000 0.000 5144.000 0.000 0.000 0.000 8.000 1216.000 0.000 2.000
63964.000 253761.000 0.000 1.000 0.000 0.000 2.000 0.000 18412.000 0.000 1.000 124647.000 7329.000 0.000 0.000 0.000 1.000 1763.000 0.000 4.000 0.000 0.000 2834.000 0.000 3.000
162013.000 143326.000 0.000 0.000 0.000 0.000 0.000 0.000 34.000 0.000 0.000 147017.000 1052.000 0.000 0.000 1.000 0.000 16288.000 0.000 0.000 0.000 4.000 4646.000 0.000 1.000
38234.000 646118.000 0.000 0.000 0.000 0.000 0.000 0.000 252.000 0.000 0.000 113811.000 24529.000 1.000 0.000 0.000 0.000 43.000 0.000 0.000 2.000 1.000 75.000 0.000 1.000
107787.000 127561.000 0.000 1.000 1.000 0.000 1.000 3.000 3756.000 0.000 0.000 218405.000 25.000 1.000 0.000 0.000 0.000 15396.000 0.000 0.000 0.000 0.000 1614.000 0.000 0.000
63756.000 206829.000 0.000 0.000 0.000 0.000 16.000 0.000 31.000 1.000 0.000 387171.000 19.000 0.000 0.000 0.000 0.000 22368.000 0.000 0.000 1.000 5.000 1477.000 1.000 0.000
905556.000 162764.000 0.000 0.000 0.000 0.000 0.000 0.000 749.000 0.000 0.000 136112.000 38.000 1.000 0.000 0.000 0.000 2960.000 0.000 0.000 0.000 2.000 93237.000 0.000 1.000
38745.000 214469.000 1.000 1.000 0.000 0.000 0.000 0.000 4325.000 0.000 0.000 93182.000 256.000 0.000 1.000 0.000 0.000 8509.000 0.000 1.000 0.000 0.000 7451.000 1.000 0.000
94378.000 912195.000 1.000 1.000 1.000 0.000 0.000 0.000 139.000 0.000 0.000 123151.000 12169.000 0.000 2.000 0.000 0.000 1651.000 0.000 0.000 0.000 0.000 43189.000 0.000 3.000
73349.000 593427.000 1.000 0.000 2.000 0.000 0.000 0.000 64.000 0.000 0.000 246433.000 14062.000 0.000 0.000 0.000 0.000 10685.000 0.000 0.000 0.000 1.000 619.000 0.000 2.000
53060.000 184423.000 0.000 1.000 16.000 0.000 0.000 0.000 47675.000 0.000 0.000 89915.000 12.000 1.000 1.000 1.000 0.000 7184.000 1.000 1.000 0.000 2.000 4538.000 0.000 1.000
195741.000 109516.000 0.000 1.000 1.000 0.000 1.000 0.000 21.000 0.000 0.000 240825.000 201.000 4.000 0.000 0.000 0.000 7943.000 1.000 0.000 1.000 1.000 17783.000 0.000 1.000
