0	26253.0 52061.0 0.0 0.0 0.0 0.0 0.0 2.0 203304.0 1.0 0.0 122823.0 991414.0 1.0 4.0 0.0 0.0 679329.0 11.0 1.0 0.0 1.0 4612749.0 0.0 5.0 583091.0 610430.0 0.0 0.0 0.0 0.0 0.0 0.0 0.0 0.0 0.0 166828.0 16421.0 0.0 0.0 0.0 0.0 34.0 0.0 1.0 0.0 0.0 102621.0 0.0 1.0 63.0 7.0 4511.0 4456.0 28113.0 15938.0 20223.0 396.0 10.0 26923.0 24043.0 36.0 111.0 28440.0 24332.0 39698.0 12848.0 72.0 9332.0 24809.0 11116.0 1200583.0 150.0 8346.0 397179.0
1	6649.0 69603.0 0.0 0.0 0.0 0.0 4.0 0.0 1151289.0 2.0 0.0 67782.0 1864475.0 0.0 0.0 1.0 1.0 601092.0 1.0 0.0 0.0 1.0 456869.0 1.0 1.0 43010.0 535721.0 0.0 0.0 1.0 0.0 0.0 0.0 37.0 0.0 0.0 121643.0 2867.0 1.0 0.0 0.0 0.0 53.0 1.0 0.0 0.0 0.0 10431.0 0.0 1.0 18.0 14.0 1334.0 3956.0 4130.0 3616.0 5743.0 4110.0 3.0 3769.0 5403.0 31.0 16.0 23408.0 6092.0 1114105.0 14784.0 20.0 2397.0 9937.0 1673.0 68372.0 19.0 3784.0 245356.0
2	190.0 7537.0 2.0 0.0 0.0 0.0 1.0 0.0 157691.0 0.0 1.0 248521.0 218255.0 0.0 0.0 0.0 0.0 1883033.0 9.0 0.0 0.0 0.0 155145.0 1.0 4.0 35104.0 154408.0 0.0 0.0 4.0 0.0 1.0 0.0 14.0 0.0 0.0 511954.0 1515.0 0.0 1.0 0.0 0.0 19377.0 0.0 1.0 1.0 3.0 5771.0 0.0 1.0 186.0 20.0 3086.0 4108.0 4853.0 4693.0 5358.0 779.0 44.0 4935.0 12774.0 33.0 25.0 15011.0 12117.0 15299.0 5387.0 26.0 1476.0 118712.0 3993.0 58582.0 29.0 6029.0 814680.0
3	34501.0 11657.0 0.0 0.0 0.0 0.0 1.0 9.0 114330.0 1.0 0.0 45376.0 120419.0 1.0 1.0 0.0 0.0 389666.0 2.0 1.0 0.0 3.0 882303.0 0.0 1.0 298903.0 79418.0 0.0 0.0 0.0 0.0 1.0 0.0 91.0 1.0 0.0 163446.0 27.0 0.0 0.0 0.0 0.0 9544.0 0.0 0.0 0.0 1.0 18258.0 0.0 1.0 8.0 13.0 8033.0 1280.0 9117.0 13157.0 12506.0 1749.0 4.0 4581.0 16868.0 25.0 13.0 8152.0 20242.0 7435.0 5799.0 21.0 3229.0 15772.0 1181131.0 59661.0 41.0 3868.0 93795.0
4	30437.0 7.0 1.0 0.0 6.0 0.0 9.0 3.0 194667.0 1.0 1.0 89171.0 341287.0 0.0 0.0 5.0 0.0 522601.0 20.0 0.0 1.0 2.0 410784.0 0.0 0.0 145819.0 117437.0 0.0 0.0 0.0 0.0 2.0 1.0 38.0 4.0 0.0 173894.0 64.0 0.0 1.0 0.0 27.0 4897.0 29.0 0.0 1.0 0.0 12175.0 1.0 1.0 6.0 7.0 2625.0 1532.0 5539.0 5853.0 12116.0 982559.0 4.0 4000.0 8681.0 17.0 7.0 12856.0 12540.0 7708.0 9751.0 6.0 3166.0 16699.0 4088.0 41073.0 4.0 2296.0 113590.0
5	7550.0 433.0 3.0 0.0 1.0 0.0 1.0 0.0 332484.0 0.0 0.0 116277.0 1730976.0 1.0 0.0 0.0 0.0 1026144.0 4.0 1.0 0.0 1.0 209818.0 0.0 4.0 34329.0 528500.0 0.0 0.0 0.0 0.0 1.0 0.0 21.0 1.0 0.0 210434.0 2272.0 1.0 0.0 0.0 0.0 17869.0 0.0 0.0 0.0 3.0 143.0 0.0 1.0 141.0 21.0 1209.0 3048.0 4917.0 6006.0 4457.0 2132.0 8.0 10113.0 9538.0 21.0 10.0 42658.0 7662.0 20807.0 8081.0 23.0 3218.0 40135.0 2172.0 88508.0 18.0 5371.0 798745.0
6	59899.0 79465.0 27.0 0.0 1.0 0.0 1.0 0.0 1446285.0 3.0 0.0 69319.0 690671.0 0.0 0.0 0.0 0.0 723903.0 0.0 1.0 0.0 1.0 290451.0 0.0 1.0 158856.0 300108.0 58.0 0.0 0.0 0.0 0.0 0.0 6071.0 0.0 0.0 163778.0 512.0 0.0 0.0 0.0 0.0 11888.0 0.0 0.0 0.0 0.0 2720.0 0.0 0.0 14.0 7.0 4175.0 3184.0 3764.0 3804.0 12937.0 97.0 1.0 1585281.0 6621.0 8.0 10.0 10769.0 6656.0 16054.0 14548.0 4.0 3437.0 11761.0 655.0 49402.0 2.0 6892.0 130163.0
7	20808.0 331.0 0.0 0.0 2.0 0.0 1.0 1.0 272374.0 2.0 1.0 47863.0 140760.0 1.0 0.0 0.0 0.0 472370.0 42.0 1.0 1.0 4.0 1047966.0 0.0 1.0 230767.0 106830.0 0.0 0.0 0.0 1.0 0.0 0.0 325.0 1.0 0.0 194643.0 10.0 2.0 0.0 0.0 0.0 11.0 1.0 0.0 2.0 1.0 20141.0 0.0 7.0 4.0 5.0 6234.0 3532.0 7184.0 8488.0 16025.0 1735.0 0.0 4284.0 1261115.0 6.0 6.0 10628.0 9847.0 12074.0 7505.0 4.0 1645.0 17641.0 2784.0 71739.0 7.0 4110.0 115469.0
8	8388.0 16.0 0.0 0.0 3.0 0.0 1.0 1.0 190223.0 5.0 0.0 272977.0 312554.0 0.0 0.0 1.0 0.0 2323788.0 0.0 2.0 0.0 0.0 81001.0 3.0 0.0 31670.0 166376.0 0.0 1.0 1.0 0.0 0.0 3.0 35.0 1.0 1.0 683447.0 4624.0 1.0 0.0 0.0 0.0 12896.0 0.0 0.0 0.0 3.0 243.0 0.0 1.0 21.0 13.0 2069.0 2580.0 2032.0 3536.0 3654.0 1307.0 1.0 3556.0 9248.0 14.0 14.0 10509.0 8635.0 5540.0 4287.0 9.0 1701.0 1648990.0 1724.0 24824.0 15.0 4424.0 274134.0
9	4246.0 22923.0 0.0 0.0 0.0 0.0 0.0 2.0 121479.0 6.0 0.0 37393.0 174846.0 0.0 0.0 0.0 0.0 440000.0 1.0 2.0 0.0 0.0 647063.0 0.0 2.0 285383.0 98619.0 1.0 0.0 1.0 0.0 0.0 444.0 42.0 0.0 0.0 170347.0 59.0 0.0 1.0 0.0 0.0 29778.0 0.0 0.0 0.0 2.0 13461.0 2.0 0.0 13.0 5.0 3522.0 829.0 13474.0 1337728.0 7270.0 1369.0 13.0 4040.0 12938.0 14.0 7.0 10972.0 16667.0 6336.0 6857.0 14.0 1632.0 13506.0 5161.0 34529.0 9.0 2926.0 102905.0
10	70336.0 277.0 5.0 0.0 1.0 6.0 1.0 11.0 499604.0 4.0 16.0 67260.0 204088.0 13.0 5.0 5.0 2.0 583218.0 13.0 5.0 6.0 1.0 480546.0 1.0 0.0 220760.0 113642.0 0.0 0.0 0.0 0.0 3.0 2.0 157.0 1.0 0.0 168415.0 21.0 0.0 0.0 0.0 0.0 8223.0 0.0 1.0 0.0 2.0 7327.0 0.0 0.0 8.0 3.0 1194942.0 2337.0 6076.0 6470.0 10638.0 1764.0 1.0 5757.0 13698.0 8.0 5.0 7079.0 7842.0 14014.0 16436.0 5.0 1921.0 16836.0 2579.0 46848.0 7.0 3888.0 119958.0
11	21769.0 25275.0 3.0 0.0 1.0 0.0 1.0 0.0 2228920.0 1.0 0.0 28484.0 324126.0 0.0 2.0 3.0 1.0 341922.0 2.0 1.0 0.0 2.0 2622370.0 1.0 1.0 567708.0 274855.0 0.0 0.0 1.0 0.0 1.0 0.0 11629.0 0.0 0.0 124452.0 23.0 0.0 1.0 0.0 0.0 1272.0 4.0 0.0 1.0 11.0 28230.0 0.0 0.0 47.0 9.0 10552.0 7187.0 27188.0 15091.0 30369.0 2933.0 1.0 21488.0 40512.0 18.0 4.0 14292.0 28842.0 58729.0 15938.0 5.0 6996.0 15304.0 7443.0 1035970.0 10.0 9885.0 223537.0
12	461834.0 33.0 0.0 0.0 0.0 0.0 6.0 0.0 344919.0 0.0 0.0 81473.0 244071.0 2.0 1.0 1.0 1.0 480688.0 0.0 1.0 3.0 1.0 2047175.0 0.0 1.0 1143463.0 111575.0 1.0 0.0 0.0 0.0 0.0 0.0 11894.0 1.0 0.0 148464.0 348.0 0.0 0.0 0.0 0.0 8131.0 0.0 1.0 2.0 2.0 11079.0 0.0 1.0 21.0 9.0 9099.0 2420.0 10933.0 9548.0 2492864.0 4888.0 1.0 6043.0 24832.0 13.0 5.0 9858.0 16642.0 7241.0 19039.0 7.0 3607.0 13109.0 6685.0 117504.0 2.0 6108.0 160672.0
13	54983.0 45.0 0.0 0.0 3.0 0.0 12.0 0.0 906423.0 2.0 0.0 94539.0 784554.0 1.0 0.0 0.0 0.0 758153.0 0.0 0.0 3.0 1.0 162141.0 1.0 0.0 58175.0 221914.0 0.0 0.0 1.0 4.0 18.0 1.0 1180.0 0.0 0.0 152366.0 1429.0 0.0 0.0 0.0 0.0 5144.0 0.0 0.0 0.0 8.0 1216.0 0.0 2.0 4.0 3.0 5071.0 5441.0 2969.0 3799.0 14735.0 4136.0 4.0 6363.0 7862.0 7.0 7.0 23207.0 7702.0 18157.0 1172457.0 5.0 1026.0 18471.0 2528.0 31253.0 4.0 1414.0 171178.0
14	19693.0 18584.0 1.0 0.0 0.0 0.0 1.0 1.0 4362582.0 0.0 0.0 30937.0 415197.0 0.0 0.0 1.0 0.0 372270.0 0.0 0.0 2.0 0.0 91231.0 0.0 1.0 63964.0 253761.0 0.0 1.0 0.0 0.0 2.0 0.0 18412.0 0.0 1.0 124647.0 7329.0 0.0 0.0 0.0 1.0 1763.0 0.0 4.0 0.0 0.0 2834.0 0.0 3.0 11.0 6.0 1655.0 1677.0 2310.0 2691.0 12100.0 1062.0 4.0 5582.0 3069.0 5.0 8.0 15432.0 4940.0 17341.0 3161206.0 8.0 1977.0 11998.0 1177.0 15661.0 5.0 2254.0 102536.0
15	51743.0 9290.0 0.0 0.0 0.0 0.0 8.0 1.0 272247.0 1.0 0.0 67510.0 331961.0 0.0 1.0 0.0 0.0 451372.0 0.0 0.0 0.0 3.0 424629.0 0.0 1.0 162013.0 143326.0 0.0 0.0 0.0 0.0 0.0 0.0 34.0 0.0 0.0 147017.0 1052.0 0.0 0.0 1.0 0.0 16288.0 0.0 0.0 0.0 4.0 4646.0 0.0 1.0 5.0 3.0 4141.0 2484.0 2903.0 6011.0 14061.0 1083.0 3.0 6496.0 10341.0 9.0 1.0 15943.0 6759.0 8697.0 9933.0 8.0 1121379.0 15106.0 2410.0 35857.0 7.0 1996.0 122573.0
16	11211.0 27434.0 3.0 0.0 0.0 0.0 2.0 3.0 2242079.0 2.0 1.0 40215.0 2541584.0 1.0 0.0 0.0 1.0 334575.0 0.0 0.0 0.0 0.0 145670.0 0.0 3.0 38234.0 646118.0 0.0 0.0 0.0 0.0 0.0 0.0 252.0 0.0 0.0 113811.0 24529.0 1.0 0.0 0.0 0.0 43.0 0.0 0.0 2.0 1.0 75.0 0.0 1.0 9.0 55.0 1515.0 8773.0 6203.0 6675.0 4169.0 150.0 5.0 10936.0 9085.0 28.0 7.0 148597.0 9423.0 64152.0 16836.0 9.0 5231.0 17345.0 2110.0 134942.0 22.0 3934.0 723540.0
17	23610.0 18364.0 3.0 0.0 0.0 0.0 2.0 3.0 378522.0 3.0 0.0 64511.0 203324.0 0.0 0.0 0.0 0.0 673889.0 0.0 2.0 0.0 0.0 511403.0 2.0 2.0 107787.0 127561.0 0.0 1.0 1.0 0.0 1.0 3.0 3756.0 0.0 0.0 218405.0 25.0 1.0 0.0 0.0 0.0 15396.0 0.0 0.0 0.0 0.0 1614.0 0.0 0.0 19.0 5.0 3607.0 1616.0 4488.0 4348.0 9020.0 157.0 76.0 3435.0 11282.0 3.0 12.0 7667.0 8966.0 10820.0 5881.0 2.0 1906.0 19031.0 2016.0 39237.0 26.0 1243627.0 131132.0
18	21424.0 1101.0 0.0 0.0 0.0 0.0 2.0 0.0 433435.0 1.0 0.0 170949.0 557718.0 1.0 0.0 0.0 0.0 1472888.0 3.0 1.0 0.0 1.0 195562.0 0.0 2.0 63756.0 206829.0 0.0 0.0 0.0 0.0 16.0 0.0 31.0 1.0 0.0 387171.0 19.0 0.0 0.0 0.0 0.0 22368.0 0.0 0.0 1.0 5.0 1477.0 1.0 0.0 13.0 8.0 1839.0 1716378.0 5268.0 4541.0 5777.0 1501.0 0.0 4757.0 7800.0 15.0 8.0 8797.0 7322.0 9623.0 6553.0 13.0 1184.0 57932.0 1440.0 35728.0 11.0 3376.0 215213.0
19	92872.0 12864.0 0.0 0.0 0.0 0.0 2.0 2.0 570313.0 4.0 0.0 42964.0 146996.0 0.0 0.0 0.0 0.0 309679.0 4.0 0.0 0.0 0.0 3880196.0 1.0 2.0 905556.0 162764.0 0.0 0.0 0.0 0.0 0.0 0.0 749.0 0.0 0.0 136112.0 38.0 1.0 0.0 0.0 0.0 2960.0 0.0 0.0 0.0 2.0 93237.0 0.0 1.0 26.0 19.0 9079.0 2107.0 1880304.0 17701.0 17981.0 4083.0 2.0 6586.0 40560.0 9.0 17.0 5487.0 24506.0 10439.0 6365.0 17.0 4746.0 10758.0 12640.0 250110.0 11.0 6518.0 158625.0
20	1089.0 10824.0 1.0 1.0 0.0 0.0 1.0 0.0 2569500.0 2.0 0.0 43002.0 412500.0 0.0 0.0 0.0 0.0 290745.0 0.0 4.0 0.0 1.0 215425.0 0.0 0.0 38745.0 214469.0 1.0 1.0 0.0 0.0 0.0 0.0 4325.0 0.0 0.0 93182.0 256.0 0.0 1.0 0.0 0.0 8509.0 0.0 1.0 0.0 0.0 7451.0 1.0 0.0 6.0 5.0 5672.0 8748.0 7463.0 4977.0 4842.0 605.0 4.0 8285.0 13045.0 3.0 4.0 34160.0 13475.0 626964.0 27521.0 9.0 4822.0 19393.0 2657.0 69929.0 6.0 7109.0 212628.0
21	134.0 85813.0 4.0 0.0 0.0 0.0 0.0 7.0 705828.0 1.0 0.0 72428.0 2518095.0 0.0 0.0 1.0 0.0 503687.0 7.0 4.0 1.0 0.0 1553859.0 3.0 28.0 94378.0 912195.0 1.0 1.0 1.0 0.0 0.0 0.0 139.0 0.0 0.0 123151.0 12169.0 0.0 2.0 0.0 0.0 1651.0 0.0 0.0 0.0 0.0 43189.0 0.0 3.0 25.0 57.0 3566.0 5079.0 15791.0 6618.0 2228.0 638.0 25.0 14131.0 10963.0 37.0 37.0 85417.0 11999.0 45217.0 16990.0 34.0 2624.0 20289.0 3007.0 383424.0 77.0 5664.0 727742.0
22	16678.0 48383.0 11.0 0.0 1.0 0.0 0.0 1.0 939117.0 0.0 0.0 87601.0 1978451.0 0.0 0.0 0.0 0.0 927221.0 14.0 0.0 0.0 0.0 282264.0 1.0 1.0 73349.0 593427.0 1.0 0.0 2.0 0.0 0.0 0.0 64.0 0.0 0.0 246433.0 14062.0 0.0 0.0 0.0 0.0 10685.0 0.0 0.0 0.0 1.0 619.0 0.0 2.0 9.0 3.0 1894.0 3432.0 2598.0 5095.0 6707.0 1633.0 3.0 5365.0 7854.0 11.0 26.0 2396601.0 6413.0 12765.0 15604.0 5.0 1757.0 15319.0 1370.0 40780.0 4.0 2506.0 258476.0
23	4842.0 1041.0 1.0 2.0 0.0 0.0 0.0 0.0 4869850.0 1.0 0.0 17494.0 102024.0 1.0 0.0 0.0 0.0 215991.0 0.0 0.0 0.0 0.0 162739.0 0.0 0.0 53060.0 184423.0 0.0 1.0 16.0 0.0 0.0 0.0 47675.0 0.0 0.0 89915.0 12.0 1.0 1.0 1.0 0.0 7184.0 1.0 1.0 0.0 2.0 4538.0 0.0 1.0 9.0 6.0 6683.0 4945.0 4992.0 5668.0 5956.0 1883.0 1.0 10863.0 6949.0 4.0 3.0 15971.0 12383.0 1624024.0 17148.0 2.0 4161.0 15052.0 2366.0 34001.0 4.0 6752.0 100742.0
24	12487.0 9222.0 0.0 0.0 0.0 0.0 0.0 0.0 250657.0 0.0 0.0 59210.0 117879.0 0.0 0.0 0.0 0.0 570142.0 1.0 1.0 0.0 0.0 1012941.0 0.0 0.0 195741.0 109516.0 0.0 1.0 1.0 0.0 1.0 0.0 21.0 0.0 0.0 240825.0 201.0 4.0 0.0 0.0 0.0 7943.0 1.0 0.0 1.0 1.0 17783.0 0.0 1.0 6.0 10.0 3854.0 2475.0 6811.0 12547.0 4218.0 770.0 44.0 4138.0 13646.0 11.0 3.0 6411.0 1482720.0 10001.0 10162.0 11.0 1380.0 15406.0 4163.0 53848.0 26.0 3023.0 136345.0
