0	1.0 0.0 1.0 1043344.0 21850.0 1.0 43344.0 1780310.0 2.0 1.0 1.0 0.0 0.0 1634.0 268908.0 1.0 322460.0 17223.0 0.0 2.0 11459.0 40412.0 29882.0 9.0 36.0 131406.0 28.0 11.0 16216.0 725912.0
1	1.0 0.0 0.0 2806214.0 8367.0 1.0 84325.0 925708.0 1.0 1.0 0.0 0.0 0.0 13668.0 104680.0 2.0 473807.0 9983.0 0.0 0.0 9590.0 1465481.0 34854.0 54.0 15.0 48207.0 6.0 6.0 8391.0 203088.0
2	1.0 0.0 0.0 1220064.0 1522.0 1.0 96713.0 1358282.0 0.0 2.0 0.0 0.0 1.0 505.0 40629.0 2.0 455990.0 10142.0 1.0 0.0 8749.0 18121.0 35356.0 10.0 38.0 50609.0 24.0 28.0 12044.0 836544.0
3	3.0 1.0 0.0 1012614.0 2161.0 1.0 177599.0 1434068.0 1.0 1.0 3.0 1.0 0.0 286.0 36025.0 1.0 484372.0 11270.0 0.0 1.0 10305.0 18947.0 38183.0 9.0 8.0 47630.0 23.0 12.0 9045.0 849205.0
4	2.0 0.0 2.0 1864191.0 28.0 0.0 77277.0 973714.0 1.0 2.0 0.0 0.0 0.0 1966.0 49269.0 2.0 405013.0 6808.0 0.0 1.0 11939.0 18692.0 45717.0 9.0 21.0 39018.0 38.0 8.0 8674.0 877429.0
5	2.0 0.0 0.0 771167.0 63.0 0.0 139188.0 2030726.0 1.0 1.0 0.0 1.0 0.0 12.0 36433.0 1.0 592199.0 26330.0 0.0 2.0 4071.0 9736.0 22319.0 9.0 20.0 44561.0 22.0 20.0 8540.0 1123161.0
6	2.0 6.0 2.0 772331.0 389993.0 73.0 78179.0 2078028.0 9.0 7.0 3.0 0.0 3.0 58.0 512655.0 11.0 343136.0 9546.0 0.0 1.0 7835.0 12268.0 2256325.0 5.0 11.0 89483.0 7.0 10.0 13571.0 166421.0
7	1.0 0.0 0.0 2692158.0 287.0 0.0 75271.0 535414.0 0.0 1.0 0.0 0.0 0.0 10230.0 32796.0 0.0 366260.0 12331.0 0.0 0.0 12140.0 18112.0 43282.0 14.0 15.0 33106.0 9.0 4.0 7958.0 1026205.0
8	1.0 1.0 0.0 325727.0 232.0 2.0 201421.0 3392114.0 1.0 4.0 17.0 1.0 0.0 58.0 33940.0 2.0 901749.0 50693.0 0.0 1.0 5007.0 8102.0 13371.0 24.0 60.0 29186.0 17.0 45.0 6929.0 1797946.0
9	1.0 1.0 0.0 1648237.0 17784.0 0.0 61326.0 654447.0 2.0 0.0 0.0 0.0 2.0 1179.0 92757.0 0.0 338181.0 13532.0 0.0 0.0 6788.0 14870.0 45196.0 2.0 4.0 41650.0 2.0 8.0 1053304.0 153248.0
10	0.0 4.0 0.0 904843.0 654631.0 2.0 93.0 3759793.0 1.0 0.0 2.0 2.0 0.0 36.0 1603822.0 2.0 244539.0 39309.0 0.0 0.0 11231.0 24657.0 22047.0 6.0 53.0 3381092.0 8.0 22.0 19047.0 134999.0
11	1.0 0.0 0.0 3519376.0 1079.0 0.0 32984.0 296964.0 1.0 1.0 3.0 1.0 0.0 35305.0 40814.0 0.0 328345.0 10321.0 0.0 0.0 9032.0 23491.0 39654.0 8.0 13.0 34054.0 2.0 3.0 8250.0 1206736.0
12	1.0 1.0 2.0 1763502.0 4046.0 0.0 153937.0 1040735.0 0.0 0.0 3.0 1.0 0.0 23.0 42468.0 0.0 444392.0 9067.0 1.0 0.0 6904.0 20712.0 31156.0 4.0 12.0 36981.0 13.0 9.0 10327.0 930653.0
13	0.0 0.0 0.0 1141446.0 173780.0 2.0 69678.0 3135180.0 1.0 0.0 1.0 0.0 0.0 253.0 798713.0 8.0 444717.0 24794.0 0.0 0.0 8868.0 2729216.0 18779.0 27.0 63.0 131998.0 21.0 14.0 16549.0 179707.0
14	1.0 1.0 1.0 665690.0 12842.0 4.0 54685.0 3361396.0 0.0 2.0 6.0 1.0 0.0 810.0 253209.0 1.0 672094.0 99851.0 1.0 4.0 8093.0 10330.0 21858.0 20.0 80.0 2147333.0 26.0 122.0 10008.0 202685.0
15	3.0 3.0 3.0 2798536.0 9859.0 1.0 102149.0 1000327.0 2.0 3.0 0.0 1.0 2.0 506.0 43342.0 1.0 509952.0 9160.0 1.0 2.0 7323.0 11691.0 1919487.0 2.0 24.0 31942.0 2.0 24.0 7479.0 197819.0
16	2.0 1.0 0.0 1435549.0 152377.0 4.0 147066.0 1692487.0 0.0 0.0 1.0 0.0 0.0 40.0 301146.0 2.0 527538.0 19963.0 0.0 0.0 2099681.0 13050.0 28078.0 4.0 11.0 51360.0 10.0 7.0 8162.0 179629.0
17	1.0 0.0 0.0 2335729.0 115348.0 3.0 5943.0 2129262.0 0.0 1.0 2.0 105.0 0.0 455.0 753463.0 1.0 335529.0 20591.0 5.0 3.0 12330.0 27802.0 36553.0 10.0 78.0 2028594.0 20.0 5.0 13805.0 175742.0
18	0.0 0.0 2.0 464330.0 162166.0 1.0 44247.0 1842621.0 7.0 0.0 0.0 0.0 2.0 63.0 510002.0 0.0 276222.0 24633.0 1.0 1.0 7059.0 17882.0 26875.0 1.0 4.0 96560.0 7.0 1.0 1718013.0 139010.0
19	2.0 2.0 0.0 787870.0 687.0 1.0 119774.0 1773666.0 3.0 3.0 0.0 0.0 0.0 458.0 37972.0 0.0 525017.0 14327.0 1.0 0.0 5815.0 17022.0 44644.0 8.0 16.0 55885.0 11.0 16.0 10554.0 885209.0
20	3.0 2.0 0.0 461528.0 12681.0 1.0 131416.0 2617202.0 0.0 2.0 2.0 2.0 3.0 21.0 161139.0 0.0 549048.0 61300.0 0.0 0.0 13278.0 16076.0 23432.0 15.0 66.0 77099.0 16.0 82.0 12807.0 1120049.0
21	0.0 3.0 0.0 5693014.0 30857.0 0.0 25640.0 329355.0 1.0 0.0 1.0 1.0 2.0 34093.0 211885.0 0.0 393910.0 2337.0 0.0 0.0 8358.0 10558.0 3452339.0 9.0 8.0 20134.0 4.0 4.0 8404.0 126719.0
22	1.0 0.0 0.0 602215.0 7131.0 0.0 612650.0 1578578.0 0.0 0.0 1.0 0.0 0.0 15.0 43381.0 2.0 604328.0 12262.0 0.0 2.0 7174.0 15615.0 21651.0 2.0 11.0 35623.0 15.0 9.0 8583.0 1111886.0
23	1.0 0.0 1.0 1119734.0 62.0 1.0 110369.0 1469135.0 1.0 2.0 0.0 0.0 0.0 1670.0 47223.0 0.0 461191.0 18190.0 0.0 0.0 5975.0 14356.0 34182.0 6.0 29.0 45544.0 15.0 6.0 9900.0 897246.0
24	2.0 0.0 1.0 443140.0 1463.0 1.0 192385.0 2718639.0 2.0 0.0 1.0 0.0 0.0 11.0 39220.0 0.0 774594.0 7458.0 0.0 1.0 3486.0 11182.0 24400.0 26.0 37.0 36418.0 13.0 65.0 7188.0 1409414.0
