0 1 2 3 4 5 6 7 8 9 10 11 12 13 14 15 16 17 18 19
0.000 0.000 977221.000 118042.000 0.000 93.000 45191.000 0.000 426122.000 0.000 12115.000 0.000 2.000 7.000 0.000 0.000 7.000 3.000 0.000 16.000
3.000 0.000 434746.000 213108.000 0.000 18585.000 13023.000 9.000 708502.000 1.000 10723.000 0.000 7.000 0.000 0.000 1.000 2.000 0.000 1.000 3.000
2.000 0.000 609374.000 139087.000 0.000 59.000 33484.000 0.000 693834.000 146.000 40284.000 0.000 2.000 0.000 0.000 1.000 0.000 1.000 0.000 0.000
0.000 0.000 97640.000 322957.000 0.000 160.000 14195.000 0.000 1639298.000 3.000 56110.000 0.000 2.000 1.000 1.000 1.000 2.000 0.000 0.000 0.000
3.000 1.000 241043.000 222511.000 1.000 27657.000 7861.000 0.000 791799.000 0.000 12918.000 1.000 1.000 0.000 0.000 1.000 0.000 0.000 1.000 0.000
3.000 0.000 213242.000 1936584.000 0.000 27252.000 34381.000 0.000 900895.000 0.000 24796.000 0.000 1.000 1.000 0.000 0.000 0.000 0.000 3.000 0.000
6.000 0.000 2676826.000 403700.000 1.000 60.000 180683.000 1.000 642413.000 0.000 12776.000 0.000 3.000 1.000 0.000 1.000 3.000 0.000 2.000 1.000
1.000 0.000 223842.000 154221.000 0.000 66044.000 20394.000 0.000 635630.000 0.000 17531.000 0.000 2.000 0.000 0.000 0.000 1.000 1.000 0.000 1.000
3.000 0.000 525873.000 110270.000 0.000 18.000 25509.000 0.000 460449.000 1.000 16406.000 1.000 3.000 0.000 0.000 1.000 1.000 2.000 2.000 0.000
1.000 0.000 543410.000 181780.000 1.000 115.000 33660.000 0.000 495975.000 1.000 22727.000 0.000 9.000 0.000 0.000 1.000 3.000 0.000 0.000 0.000
