0 1 2 3 4 5 6 7 8 9 10 11 12 13 14
1.000 24256.000 4191.000 0.000 789396.000 1.000 2.000 0.000 1.000 78853.000 2.000 0.000 0.000 17.000 0.000
1.000 8884.000 14559.000 1.000 548296.000 0.000 0.000 1.000 0.000 141538.000 1.000 0.000 0.000 57226.000 0.000
0.000 11797.000 8904.000 0.000 735991.000 1.000 2.000 20.000 3.000 115777.000 1.000 0.000 0.000 3705.000 0.000
0.000 28027.000 20906.000 0.000 581397.000 0.000 0.000 0.000 1.000 181384.000 0.000 0.000 0.000 962.000 0.000
0.000 32.000 35022.000 0.000 378045.000 14.000 1.000 0.000 7.000 1330682.000 0.000 0.000 0.000 6958.000 4.000
0.000 437.000 156680.000 1.000 555825.000 1.000 0.000 1.000 1.000 1703178.000 0.000 0.000 0.000 126.000 0.000
1.000 12912.000 13806.000 0.000 888412.000 1.000 1.000 0.000 0.000 75028.000 0.000 0.000 0.000 404.000 0.000
2.000 41055.000 6021.000 0.000 1261216.000 0.000 0.000 0.000 1.000 78707.000 0.000 1.000 0.000 63.000 0.000
0.000 20270.000 87251.000 0.000 1094583.000 1.000 2.000 1.000 1.000 491482.000 2.000 0.000 0.000 6.000 0.000
0.000 25173.000 11084.000 0.000 827643.000 0.000 0.000 0.000 0.000 66383.000 0.000 0.000 0.000 60.000 0.000
0.000 33983.000 19460.000 0.000 1215646.000 0.000 0.000 0.000 0.000 91311.000 0.000 0.000 0.000 53.000 0.000
0.000 21116.000 34089.000 18.000 496099.000 2.000 0.000 0.000 4.000 1231201.000 0.000 0.000 1.000 145.000 7.000
0.000 1070.000 32562.000 1.000 639901.000 0.000 2.000 0.000 1.000 596514.000 0.000 0.000 0.000 10337.000 1.000
0.000 42805.000 14330.000 0.000 493456.000 0.000 0.000 0.000 7.000 207675.000 0.000 0.000 0.000 36.000 1.000
1.000 10082.000 7331.000 0.000 577851.000 1.000 1.000 5.000 9.000 188107.000 0.000 1.000 0.000 25584.000 0.000
