0	0.0 2774773.0 345076.0 1.0 153919.0 2.0 1.0 0.0 1.0 44334.0 0.0 1.0 0.0 743720.0 0.0 1.0 24256.0 4191.0 0.0 789396.0 1.0 2.0 0.0 1.0 78853.0 2.0 0.0 0.0 17.0 0.0 19769.0 10.0 7.0 11864.0 5.0 1760209.0 307850.0 11924.0 11884.0 14.0 62964.0 9371.0 17018.0 0.0 8117.0
1	1.0 754769.0 529132.0 0.0 50284.0 5.0 2.0 1.0 0.0 4899.0 0.0 0.0 0.0 7119470.0 0.0 1.0 8884.0 14559.0 1.0 548296.0 0.0 0.0 1.0 0.0 141538.0 1.0 0.0 0.0 57226.0 0.0 2747775.0 3.0 2.0 23378.0 7.0 11429.0 330478.0 18985.0 18284.0 7.0 62173.0 18405.0 42223.0 4.0 12960.0
2	6.0 2765448.0 599342.0 1.0 176508.0 3.0 4.0 5.0 11.0 45693.0 3.0 10.0 0.0 1328979.0 4.0 0.0 11797.0 8904.0 0.0 735991.0 1.0 2.0 20.0 3.0 115777.0 1.0 0.0 0.0 3705.0 0.0 28337.0 13.0 7.0 20601.0 21.0 13820.0 407720.0 17398.0 19847.0 25.0 77029.0 16621.0 1725976.0 6.0 11444.0
3	2.0 1478333.0 759706.0 3.0 102923.0 1.0 2.0 6.0 0.0 39072.0 2.0 0.0 0.0 1082698.0 0.0 0.0 28027.0 20906.0 0.0 581397.0 0.0 0.0 0.0 1.0 181384.0 0.0 0.0 0.0 962.0 0.0 13856.0 2.0 6.0 16738.0 2.0 5714.0 262023.0 16095.0 18180.0 4.0 67134.0 2156424.0 17034.0 0.0 8816.0
4	0.0 943673.0 2905086.0 0.0 52725.0 1.0 1.0 0.0 29.0 476678.0 0.0 0.0 0.0 426805.0 0.0 0.0 32.0 35022.0 0.0 378045.0 14.0 1.0 0.0 7.0 1330682.0 0.0 0.0 0.0 6958.0 4.0 15100.0 5.0 15.0 54021.0 6.0 5891.0 368036.0 43072.0 3356995.0 12.0 49075.0 15091.0 16786.0 5.0 16228.0
5	1.0 849407.0 7634901.0 1.0 71215.0 0.0 1.0 1.0 3.0 111034.0 2.0 0.0 0.0 1143916.0 2.0 0.0 437.0 156680.0 1.0 555825.0 1.0 0.0 1.0 1.0 1703178.0 0.0 0.0 0.0 126.0 0.0 24689.0 2.0 27.0 3713085.0 19.0 7488.0 684727.0 55074.0 53888.0 17.0 35414.0 15280.0 19064.0 17.0 27336.0
6	2.0 2489341.0 474633.0 0.0 175207.0 1.0 0.0 1.0 5.0 3668.0 2.0 2.0 0.0 2720240.0 1.0 1.0 12912.0 13806.0 0.0 888412.0 1.0 1.0 0.0 0.0 75028.0 0.0 0.0 0.0 404.0 0.0 129260.0 5.0 3.0 43199.0 9.0 10748.0 1220728.0 17285.0 18436.0 41.0 94703.0 16187.0 41107.0 9.0 20429.0
7	0.0 4617227.0 362970.0 1.0 204023.0 1.0 0.0 6.0 0.0 37784.0 0.0 4.0 0.0 397793.0 1.0 2.0 41055.0 6021.0 0.0 1261216.0 0.0 0.0 0.0 1.0 78707.0 0.0 1.0 0.0 63.0 0.0 10819.0 7.0 14.0 11016.0 6.0 7458.0 325337.0 12182.0 12282.0 6.0 2742395.0 11473.0 11462.0 3.0 7911.0
8	2.0 2573406.0 4121195.0 2.0 232698.0 0.0 2.0 2.0 1.0 24112.0 1.0 3.0 1.0 223994.0 0.0 0.0 20270.0 87251.0 0.0 1094583.0 1.0 2.0 1.0 1.0 491482.0 2.0 0.0 0.0 6.0 0.0 75281.0 34.0 274.0 101316.0 22.0 14479.0 2011900.0 20947.0 24204.0 32.0 99937.0 17748.0 18673.0 19.0 19033.0
9	0.0 2661533.0 215396.0 0.0 149514.0 0.0 1.0 2.0 0.0 10101.0 1.0 1.0 0.0 1700803.0 1.0 0.0 25173.0 11084.0 0.0 827643.0 0.0 0.0 0.0 0.0 66383.0 0.0 0.0 0.0 60.0 0.0 32973.0 9.0 4.0 14663.0 11.0 6922.0 329384.0 14132.0 15337.0 5.0 1603788.0 20522.0 31968.0 2.0 7955.0
10	0.0 4095539.0 725879.0 0.0 218093.0 4.0 0.0 1.0 2.0 9967.0 0.0 0.0 0.0 539338.0 1.0 0.0 33983.0 19460.0 0.0 1215646.0 0.0 0.0 0.0 0.0 91311.0 0.0 0.0 0.0 53.0 0.0 34345.0 13.0 22.0 36543.0 18.0 12934.0 1707939.0 11070.0 13783.0 70.0 126329.0 13574.0 17661.0 35.0 12993.0
11	0.0 1147556.0 2742104.0 1.0 57802.0 5.0 1.0 1.0 11.0 247040.0 0.0 1.0 0.0 644394.0 4.0 0.0 21116.0 34089.0 18.0 496099.0 2.0 0.0 0.0 4.0 1231201.0 0.0 0.0 1.0 145.0 7.0 18922.0 11.0 21.0 61168.0 3.0 8581.0 337467.0 4115783.0 52033.0 8.0 28901.0 16146.0 18750.0 0.0 7407.0
12	3.0 1080212.0 3084551.0 1.0 90606.0 1.0 1.0 2.0 1.0 35875.0 0.0 3.0 1.0 2496871.0 0.0 0.0 1070.0 32562.0 1.0 639901.0 0.0 2.0 0.0 1.0 596514.0 0.0 0.0 0.0 10337.0 1.0 94567.0 15.0 60.0 80678.0 19.0 10967.0 1648122.0 44584.0 50462.0 52.0 59184.0 26047.0 36623.0 71.0 16661.0
13	0.0 1384061.0 764383.0 0.0 91881.0 5.0 0.0 0.0 0.0 62393.0 0.0 1.0 0.0 451069.0 2.0 0.0 42805.0 14330.0 0.0 493456.0 0.0 0.0 0.0 7.0 207675.0 0.0 0.0 0.0 36.0 1.0 15542.0 7.0 6.0 20464.0 3.0 5683.0 246485.0 13980.0 21325.0 19.0 50432.0 9207.0 13496.0 3.0 1793291.0
14	0.0 1102895.0 243981.0 1.0 46724.0 1.0 0.0 0.0 1.0 49779.0 0.0 0.0 0.0 6496528.0 0.0 1.0 10082.0 7331.0 0.0 577851.0 1.0 1.0 5.0 9.0 188107.0 0.0 1.0 0.0 25584.0 0.0 26090.0 1.0 2.0 11119.0 4.0 6963.0 179835.0 18559.0 24010.0 2.0 56915.0 17131.0 4124193.0 3.0 12317.0
