0 1 2 3 4 5 6 7 8 9 10 11 12 13 14
0.000 0.000 13140.000 37863.000 0.000 1.000 0.000 0.000 0.000 1011.000 0.000 0.000 0.000 2.000 363934.000
0.000 1.000 30729.000 56285.000 0.000 0.000 0.000 0.000 0.000 126.000 0.000 1.000 0.000 1.000 693549.000
0.000 0.000 11503.000 94891.000 7.000 0.000 0.000 0.000 1.000 3932.000 0.000 0.000 1.000 1.000 332961.000
0.000 0.000 27929.000 194224.000 0.000 0.000 0.000 1.000 0.000 407.000 0.000 0.000 3.000 1.000 373933.000
0.000 0.000 7098.000 47125.000 0.000 1.000 0.000 0.000 0.000 7563.000 1.000 1.000 0.000 0.000 486039.000
0.000 0.000 24204.000 657769.000 1.000 11.000 0.000 0.000 0.000 11.000 0.000 0.000 3.000 1.000 284443.000
0.000 0.000 32117.000 102096.000 0.000 0.000 0.000 0.000 0.000 22.000 0.000 0.000 0.000 0.000 532193.000
0.000 0.000 4740.000 96060.000 2.000 0.000 3.000 0.000 1.000 42368.000 0.000 0.000 0.000 0.000 385071.000
0.000 0.000 26127.000 153609.000 0.000 1.000 0.000 0.000 0.000 1.000 1.000 0.000 1.000 1.000 577326.000
1.000 1.000 20423.000 49698.000 0.000 0.000 0.000 0.000 0.000 10386.000 0.000 0.000 0.000 0.000 526405.000
0.000 0.000 9077.000 142370.000 0.000 3.000 0.000 0.000 0.000 1421.000 0.000 1.000 0.000 0.000 270685.000
0.000 0.000 11070.000 147383.000 1.000 1.000 9.000 0.000 1.000 45.000 0.000 0.000 1.000 2.000 552419.000
0.000 0.000 45362.000 1590632.000 1.000 0.000 0.000 1.000 0.000 146.000 0.000 1.000 0.000 0.000 369731.000
1.000 0.000 11766.000 57923.000 0.000 0.000 0.000 0.000 0.000 152.000 0.000 1.000 0.000 1.000 647080.000
1.000 0.000 8481.000 54047.000 0.000 1.000 3.000 1.000 1.000 10159.000 4.000 0.000 2.000 3.000 432414.000
0.000 0.000 52001.000 535606.000 0.000 0.000 1.000 0.000 0.000 377.000 2.000 0.000 0.000 1.000 420745.000
0.000 0.000 34376.000 44746.000 1.000 1.000 0.000 0.000 0.000 67.000 0.000 2.000 0.000 0.000 933022.000
0.000 0.000 22167.000 354211.000 4.000 0.000 0.000 1.000 0.000 2.000 0.000 0.000 6.000 2.000 510733.000
0.000 0.000 16433.000 192726.000 2.000 1.000 0.000 0.000 0.000 199.000 0.000 0.000 0.000 1.000 461003.000
0.000 0.000 13059.000 535237.000 1.000 0.000 0.000 0.000 0.000 476.000 0.000 0.000 0.000 0.000 227708.000
0.000 300.000 69313.000 477890.000 0.000 0.000 0.000 1.000 0.000 9.000 0.000 0.000 6.000 1.000 323142.000
0.000 0.000 69241.000 60682.000 0.000 0.000 0.000 0.000 1.000 100.000 0.000 0.000 2.000 0.000 904840.000
0.000 0.000 21680.000 191775.000 5.000 0.000 0.000 0.000 0.000 19.000 0.000 0.000 1.000 0.000 362961.000
1.000 0.000 11450.000 36092.000 1.000 0.000 0.000 0.000 0.000 193.000 0.000 0.000 1.000 0.000 516388.000
0.000 0.000 14592.000 50470.000 0.000 0.000 0.000 0.000 0.000 23036.000 0.000 0.000 0.000 0.000 354620.000
