0	0.0 3.0 737421.0 5286.0 0.0 0.0 0.0 0.0 1.0 1931084.0 0.0 0.0 0.0 1.0 86951.0 0.0 0.0 13140.0 37863.0 0.0 1.0 0.0 0.0 0.0 1011.0 0.0 0.0 0.0 2.0 363934.0 31098.0 3838.0 7.0 5.0 2382.0 1110063.0 33411.0 12404.0 6260.0 1.0 172352.0 5308.0 10898.0 6403.0 8.0
1	4.0 0.0 2667380.0 215.0 2.0 0.0 0.0 0.0 4.0 839979.0 1.0 0.0 1.0 0.0 93168.0 0.0 1.0 30729.0 56285.0 0.0 0.0 0.0 0.0 0.0 126.0 0.0 1.0 0.0 1.0 693549.0 35167.0 12116.0 113.0 33.0 1666.0 10367.0 22950.0 12295.0 10952.0 11.0 1012218.0 6910.0 25623.0 8490.0 95.0
2	2.0 0.0 734378.0 19850.0 1.0 1.0 0.0 0.0 0.0 1913828.0 1.0 0.0 1.0 0.0 70427.0 0.0 0.0 11503.0 94891.0 7.0 0.0 0.0 0.0 1.0 3932.0 0.0 0.0 1.0 1.0 332961.0 21721.0 3137.0 3.0 7.0 3440.0 5834.0 65952.0 1109550.0 14650.0 5.0 185872.0 7160.0 16232.0 9197.0 10.0
3	0.0 0.0 1403191.0 92023.0 0.0 2.0 0.0 0.0 0.0 618086.0 0.0 2.0 5.0 0.0 71711.0 0.0 0.0 27929.0 194224.0 0.0 0.0 0.0 1.0 0.0 407.0 0.0 0.0 3.0 1.0 373933.0 9049.0 8850.0 13.0 45.0 1600315.0 4530.0 15257.0 12974.0 11306.0 3.0 185589.0 7821.0 27530.0 15202.0 7.0
4	0.0 1.0 1199388.0 11863.0 0.0 1.0 0.0 0.0 0.0 2220522.0 2.0 0.0 0.0 1.0 100525.0 0.0 0.0 7098.0 47125.0 0.0 1.0 0.0 0.0 0.0 7563.0 1.0 1.0 0.0 0.0 486039.0 28964.0 8912.0 8.0 20.0 1788.0 11688.0 50195.0 8385.0 5465.0 7.0 886598.0 8019.0 16139.0 6961.0 11.0
5	0.0 0.0 1876144.0 244918.0 1.0 0.0 0.0 0.0 0.0 452188.0 0.0 0.0 1.0 1.0 34071.0 0.0 0.0 24204.0 657769.0 1.0 11.0 0.0 0.0 0.0 11.0 0.0 0.0 3.0 1.0 284443.0 9375.0 7377.0 7.0 14.0 3855.0 3559.0 16062.0 16611.0 18378.0 3.0 158537.0 11466.0 22960.0 2347282.0 9.0
6	1.0 1.0 2166729.0 10920.0 0.0 0.0 0.0 0.0 0.0 1245932.0 0.0 0.0 0.0 0.0 52473.0 0.0 0.0 32117.0 102096.0 0.0 0.0 0.0 0.0 0.0 22.0 0.0 0.0 0.0 0.0 532193.0 20082.0 13256.0 28.0 50.0 1626.0 10943.0 26479.0 10954.0 9503.0 10.0 874086.0 16154.0 58412.0 8128.0 56.0
7	1.0 0.0 310644.0 26265.0 0.0 0.0 0.0 0.0 0.0 5815679.0 0.0 0.0 0.0 2.0 19513.0 0.0 0.0 4740.0 96060.0 2.0 0.0 3.0 0.0 1.0 42368.0 0.0 0.0 0.0 0.0 385071.0 12464.0 4842.0 3.0 11.0 3281.0 4595.0 2877944.0 16459.0 9475.0 2.0 141556.0 2818.0 8692.0 7005.0 6.0
8	1.0 1.0 2401145.0 39095.0 0.0 2.0 0.0 0.0 0.0 473899.0 1.0 2.0 1.0 0.0 156661.0 0.0 0.0 26127.0 153609.0 0.0 1.0 0.0 0.0 0.0 1.0 1.0 0.0 1.0 1.0 577326.0 9798.0 1796166.0 21.0 28.0 5710.0 3660.0 6398.0 11795.0 5856.0 2.0 240614.0 14076.0 21261.0 10698.0 22.0
9	2.0 1.0 1814488.0 30.0 0.0 0.0 3.0 0.0 0.0 1248198.0 2.0 0.0 0.0 0.0 120209.0 1.0 1.0 20423.0 49698.0 0.0 0.0 0.0 0.0 0.0 10386.0 0.0 0.0 0.0 0.0 526405.0 29376.0 5924.0 13.0 43.0 3099.0 6769.0 25853.0 18968.0 8372.0 8.0 839126.0 12718.0 23246.0 13202.0 27.0
10	0.0 0.0 814808.0 11710.0 0.0 0.0 1.0 0.0 1.0 1414914.0 0.0 0.0 1.0 0.0 37703.0 0.0 0.0 9077.0 142370.0 0.0 3.0 0.0 0.0 0.0 1421.0 0.0 1.0 0.0 0.0 270685.0 10476.0 9386.0 17.0 15.0 2039.0 5330.0 38915.0 12690.0 13288.0 102.0 282715.0 11651.0 37039.0 573981.0 17.0
11	1.0 0.0 2151346.0 63448.0 0.0 3.0 3.0 1.0 0.0 1430580.0 0.0 0.0 1.0 1.0 210749.0 0.0 0.0 11070.0 147383.0 1.0 1.0 9.0 0.0 1.0 45.0 0.0 0.0 1.0 2.0 552419.0 12884.0 6723.0 113.0 37.0 483.0 7049.0 1663493.0 12199.0 5843.0 1.0 283569.0 6612.0 19756.0 10516.0 26.0
12	0.0 3.0 3971292.0 464743.0 1.0 0.0 0.0 0.0 1.0 1365897.0 0.0 1.0 0.0 0.0 10783.0 0.0 0.0 45362.0 1590632.0 1.0 0.0 0.0 1.0 0.0 146.0 0.0 1.0 0.0 0.0 369731.0 8395.0 7483.0 18.0 26.0 4590.0 6646.0 2450.0 19565.0 20016.0 6.0 329089.0 33906.0 3385603.0 22126.0 23.0
13	3.0 2.0 1944591.0 6596.0 0.0 1.0 0.0 0.0 1.0 686601.0 0.0 0.0 2.0 0.0 516589.0 1.0 0.0 11766.0 57923.0 0.0 0.0 0.0 0.0 0.0 152.0 0.0 1.0 0.0 1.0 647080.0 29103.0 8920.0 41.0 37.0 1006.0 13542.0 23800.0 13030.0 17175.0 10.0 916354.0 7006.0 23473.0 6023.0 31.0
14	0.0 0.0 640986.0 26608.0 0.0 7.0 0.0 0.0 0.0 4138744.0 0.0 0.0 1.0 1.0 63417.0 1.0 0.0 8481.0 54047.0 0.0 1.0 3.0 1.0 1.0 10159.0 4.0 0.0 2.0 3.0 432414.0 20349.0 5187.0 9.0 16.0 3371.0 5711.0 2017404.0 16105.0 10053.0 4.0 171858.0 4620.0 11346.0 15494.0 4.0
15	0.0 0.0 3310967.0 63477.0 3.0 5.0 0.0 0.0 0.0 581045.0 1.0 0.0 0.0 1.0 53252.0 0.0 0.0 52001.0 535606.0 0.0 0.0 1.0 0.0 0.0 377.0 2.0 0.0 0.0 1.0 420745.0 14217.0 15274.0 99.0 103.0 1233.0 10739.0 22392.0 19552.0 14162.0 13.0 1026043.0 17554.0 128947.0 23179.0 47.0
16	0.0 1.0 2646225.0 44.0 2.0 4.0 0.0 0.0 0.0 1434838.0 1.0 1.0 2.0 1.0 295746.0 0.0 0.0 34376.0 44746.0 1.0 1.0 0.0 0.0 0.0 67.0 0.0 2.0 0.0 0.0 933022.0 2179645.0 3756.0 17.0 14.0 164.0 8258.0 17246.0 8860.0 5188.0 5.0 294119.0 4524.0 11406.0 5590.0 16.0
17	2.0 2.0 1965684.0 295660.0 3.0 0.0 0.0 0.0 3.0 340339.0 0.0 1.0 5.0 12.0 102947.0 0.0 0.0 22167.0 354211.0 4.0 0.0 0.0 1.0 0.0 2.0 0.0 0.0 6.0 2.0 510733.0 9128.0 5370.0 14.0 23.0 3389.0 3515.0 10034.0 29457.0 1992270.0 4.0 192279.0 10636.0 16861.0 14134.0 13.0
18	21.0 4.0 1898078.0 51224.0 4.0 3.0 4.0 6.0 3.0 400194.0 17.0 8.0 12.0 4.0 136290.0 0.0 0.0 16433.0 192726.0 2.0 1.0 0.0 0.0 0.0 199.0 0.0 0.0 0.0 1.0 461003.0 14285.0 6671.0 13.0 44.0 4107.0 4121.0 8441.0 1620074.0 20320.0 2.0 190897.0 9911.0 14801.0 10458.0 32.0
19	3.0 0.0 1658419.0 84562.0 1.0 0.0 0.0 1.0 0.0 1742998.0 0.0 0.0 1.0 0.0 17721.0 0.0 0.0 13059.0 535237.0 1.0 0.0 0.0 0.0 0.0 476.0 0.0 0.0 0.0 0.0 227708.0 16419.0 14594.0 14.0 170.0 4521.0 12713.0 49280.0 21392.0 10989.0 10.0 733788.0 18375.0 170429.0 22473.0 30.0
20	0.0 0.0 1983332.0 56859.0 0.0 0.0 0.0 2.0 0.0 553149.0 0.0 0.0 1.0 0.0 35275.0 0.0 300.0 69313.0 477890.0 0.0 0.0 0.0 1.0 0.0 9.0 0.0 0.0 6.0 1.0 323142.0 6365.0 7762.0 7.0 20.0 3984.0 2976.0 9241.0 8993.0 11219.0 3.0 179757.0 2001897.0 45034.0 11888.0 9.0
21	2.0 0.0 3622915.0 9594.0 2.0 1.0 0.0 0.0 0.0 389491.0 0.0 2.0 0.0 0.0 198072.0 0.0 0.0 69241.0 60682.0 0.0 0.0 0.0 0.0 1.0 100.0 0.0 0.0 2.0 0.0 904840.0 35450.0 9823.0 98.0 150.0 3025.0 8533.0 15366.0 16348.0 11361.0 182.0 1283450.0 10342.0 21957.0 8406.0 26.0
22	0.0 1.0 1669434.0 46359.0 0.0 1.0 0.0 0.0 0.0 522594.0 1.0 0.0 6.0 1.0 91345.0 0.0 0.0 21680.0 191775.0 5.0 0.0 0.0 0.0 0.0 19.0 0.0 0.0 1.0 0.0 362961.0 16229.0 6692.0 9.0 16.0 2933.0 1333840.0 13350.0 15131.0 11415.0 10.0 198368.0 7428.0 26369.0 10319.0 3.0
23	1.0 0.0 1319460.0 535.0 0.0 0.0 0.0 0.0 0.0 1830645.0 0.0 1.0 1.0 0.0 189821.0 1.0 0.0 11450.0 36092.0 1.0 0.0 0.0 0.0 0.0 193.0 0.0 0.0 1.0 0.0 516388.0 27832.0 6351.0 21.0 85.0 2296.0 8112.0 43770.0 10215.0 9300.0 8.0 832476.0 10291.0 22712.0 7439.0 8.0
24	0.0 0.0 492992.0 247.0 0.0 0.0 0.0 0.0 1.0 3392601.0 1.0 0.0 0.0 0.0 36623.0 0.0 0.0 14592.0 50470.0 0.0 0.0 0.0 0.0 0.0 23036.0 0.0 0.0 0.0 0.0 354620.0 29585.0 3510.0 8.0 37.0 3445.0 6358.0 80614.0 12915.0 5506.0 14.0 1032569.0 7741.0 11952.0 5355.0 10.0
