0	0.0 0.0 1278413.0 95097.0 0.0 2.0 0.0 0.0 0.0 29104.0 0.0 0.0 9949353.0 0.0 0.0 0.0 0.0 22920.0 831134.0 0.0 2.0 5.0 3.0 4.0 178666.0 0.0 0.0 86450.0 0.0 0.0 11809.0 2945924.0 5.0 13.0 19388.0 168034.0 460921.0 19291.0 43172.0 19.0 44259.0 28333.0 14.0 86363.0 29302.0
1	0.0 4.0 3395196.0 111946.0 31.0 0.0 3.0 7.0 2.0 425911.0 0.0 6.0 1444382.0 6.0 1.0 0.0 0.0 37861.0 586645.0 1.0 1.0 3.0 0.0 0.0 923905.0 0.0 0.0 11914.0 0.0 18.0 7329.0 33389.0 18.0 8.0 21695.0 131111.0 523465.0 2402342.0 64115.0 110.0 33750.0 38228.0 2.0 40932.0 21807.0
2	0.0 2.0 2809329.0 158914.0 0.0 0.0 0.0 1.0 1.0 115659.0 0.0 1.0 1089124.0 2.0 0.0 0.0 0.0 34879.0 669434.0 0.0 3.0 0.0 0.0 2.0 457552.0 1.0 1.0 9486.0 0.0 1.0 6977.0 32721.0 12.0 17.0 2314144.0 80271.0 440605.0 20049.0 44200.0 4.0 23033.0 29310.0 7.0 47370.0 29932.0
3	0.0 0.0 5189543.0 516766.0 2.0 0.0 5.0 2.0 0.0 53833.0 1.0 0.0 824756.0 1.0 0.0 0.0 0.0 67649.0 1539391.0 2.0 2.0 2.0 0.0 2.0 129381.0 2.0 1.0 14766.0 0.0 0.0 4066.0 23664.0 12.0 16.0 13831.0 74490.0 706636.0 12971.0 23101.0 15.0 20561.0 21883.0 21.0 45659.0 2995156.0
4	0.0 0.0 7435384.0 23015.0 1.0 0.0 0.0 3.0 0.0 565754.0 4.0 1.0 2888118.0 0.0 2.0 0.0 0.0 113708.0 727006.0 0.0 1.0 2.0 3.0 1.0 2451047.0 0.0 1.0 24.0 0.0 0.0 885.0 39517.0 9.0 9.0 25134.0 269681.0 659893.0 43246.0 5831809.0 26.0 16177.0 42442.0 8.0 33350.0 13557.0
5	0.0 1.0 1665566.0 179376.0 1.0 1.0 2.0 0.0 2.0 73451.0 0.0 2.0 7622802.0 3.0 0.0 0.0 0.0 16680.0 881128.0 0.0 0.0 1.0 0.0 6.0 189221.0 0.0 0.0 38255.0 1.0 3.0 19852.0 51043.0 3.0 17.0 15595.0 78068.0 325951.0 16586.0 23015.0 13.0 4490469.0 31559.0 19.0 66078.0 21958.0
6	0.0 0.0 5170358.0 690306.0 1.0 0.0 0.0 1.0 0.0 11534.0 0.0 0.0 3311727.0 0.0 1.0 0.0 3.0 50081.0 1819639.0 1.0 5.0 0.0 0.0 0.0 147899.0 0.0 1.0 33216.0 1.0 0.0 8046.0 44065.0 11.0 5.0 11668.0 148683.0 657501.0 11865.0 27053.0 7.0 41129.0 20425.0 4.0 3926717.0 19308.0
7	0.0 1.0 1.06694E7 577577.0 0.0 0.0 3.0 2.0 1.0 53882.0 0.0 0.0 3926685.0 2.0 0.0 1.0 0.0 122817.0 2517279.0 1.0 1.0 0.0 0.0 0.0 623403.0 0.0 1.0 52952.0 1.0 1.0 24171.0 108651.0 57.0 36.0 18896.0 3008199.0 1243331.0 18042.0 107769.0 96.0 33327.0 30595.0 83.0 132491.0 13432.0
8	1.0 0.0 3122072.0 331746.0 0.0 0.0 0.0 1.0 1.0 60498.0 0.0 12.0 5850489.0 0.0 0.0 1.0 1.0 22388.0 1191225.0 1.0 0.0 0.0 1.0 0.0 234656.0 2.0 14.0 28527.0 0.0 0.0 3098185.0 63726.0 4.0 7.0 11601.0 178021.0 422231.0 12611.0 30338.0 11.0 34772.0 22149.0 74.0 75586.0 19568.0
9	0.0 0.0 2996505.0 52730.0 0.0 1.0 5.0 8.0 5.0 579387.0 2.0 5.0 1474056.0 0.0 0.0 0.0 0.0 28817.0 538608.0 0.0 7.0 2.0 1.0 1.0 1084754.0 1.0 5.0 7.0 1.0 0.0 8150.0 33369.0 11.0 9.0 18254.0 92652.0 442504.0 29335.0 54340.0 12.0 45508.0 2924751.0 4.0 38766.0 24237.0
