0 1 2 3 4 5 6 7 8 9 10 11 12 13 14 15 16 17 18 19 20 21 22 23 24 25 26 27 28 29 30 31 32 33 34 35 36 37 38 39 40 41 42 43 44 45 46 47 48 49
1.000 0.000 0.000 0.000 22149.000 0.000 0.000 0.000 2.000 0.000 1.000 0.000 2417.000 1436.000 0.000 0.000 0.000 0.000 3110.000 3.000 0.000 22983.000 54723.000 9.000 0.000 0.000 0.000 0.000 1.000 34.000 0.000 0.000 106673.000 8483.000 1.000 0.000 0.000 0.000 0.000 1.000 0.000 25.000 1.000 1.000 0.000 0.000 2.000 0.000 0.000 6.000
0.000 0.000 1.000 0.000 75995.000 0.000 0.000 0.000 0.000 0.000 1.000 0.000 368.000 5243.000 0.000 0.000 0.000 0.000 11415.000 0.000 0.000 21972.000 15985.000 5.000 0.000 0.000 0.000 0.000 0.000 1479.000 1.000 0.000 36812.000 1751.000 1.000 1.000 0.000 0.000 0.000 0.000 1.000 28.000 0.000 1.000 0.000 0.000 1.000 0.000 0.000 0.000
0.000 0.000 0.000 4.000 43857.000 0.000 0.000 0.000 1.000 20.000 2.000 0.000 2222.000 912.000 0.000 0.000 0.000 0.000 4897.000 2.000 0.000 54705.000 10324.000 14.000 0.000 0.000 0.000 0.000 0.000 17.000 0.000 1.000 112050.000 3603.000 1.000 0.000 0.000 0.000 0.000 0.000 0.000 13.000 15.000 0.000 0.000 1.000 0.000 0.000 0.000 3.000
0.000 0.000 1.000 0.000 60538.000 0.000 0.000 0.000 1.000 1.000 0.000 0.000 222.000 280.000 0.000 0.000 0.000 0.000 14380.000 0.000 0.000 21591.000 21017.000 35.000 0.000 0.000 0.000 0.000 2.000 18.000 0.000 0.000 195054.000 920.000 0.000 0.000 0.000 0.000 2.000 0.000 1.000 9.000 0.000 0.000 0.000 0.000 0.000 0.000 0.000 0.000
0.000 0.000 0.000 3.000 27714.000 0.000 0.000 0.000 1.000 0.000 6.000 0.000 5767.000 7883.000 0.000 0.000 0.000 0.000 26566.000 0.000 0.000 61598.000 19320.000 1784.000 0.000 0.000 0.000 0.000 2.000 21.000 1.000 0.000 234075.000 23.000 2.000 0.000 0.000 0.000 0.000 0.000 0.000 40.000 0.000 1.000 0.000 0.000 0.000 0.000 1.000 1.000
0.000 1.000 1.000 0.000 63519.000 0.000 0.000 0.000 4.000 2.000 1.000 0.000 18.000 8970.000 0.000 0.000 0.000 0.000 8650.000 0.000 0.000 26375.000 176748.000 34.000 0.000 0.000 0.000 0.000 1.000 494.000 0.000 0.000 68904.000 3474.000 0.000 0.000 0.000 0.000 0.000 1.000 0.000 395.000 0.000 0.000 1.000 0.000 0.000 0.000 0.000 0.000
0.000 0.000 0.000 0.000 46747.000 0.000 0.000 0.000 0.000 1.000 0.000 0.000 65.000 2008.000 0.000 0.000 0.000 0.000 25844.000 0.000 0.000 15827.000 57483.000 28.000 0.000 0.000 0.000 0.000 1.000 6.000 0.000 0.000 104442.000 26720.000 0.000 0.000 0.000 0.000 0.000 1.000 0.000 19.000 0.000 0.000 0.000 0.000 1.000 0.000 0.000 0.000
23.000 0.000 0.000 0.000 24128.000 1.000 0.000 0.000 0.000 0.000 1.000 0.000 4410.000 6970.000 0.000 1.000 0.000 0.000 14550.000 2.000 0.000 37446.000 324872.000 19.000 0.000 0.000 0.000 0.000 0.000 36.000 1.000 0.000 103547.000 7397.000 1.000 0.000 0.000 0.000 2.000 0.000 0.000 38.000 0.000 0.000 0.000 0.000 1.000 1.000 418.000 0.000
0.000 0.000 1.000 2.000 176264.000 1.000 0.000 0.000 2.000 0.000 0.000 0.000 390.000 1550.000 0.000 0.000 0.000 0.000 514.000 0.000 0.000 25657.000 15214.000 5351.000 1.000 0.000 0.000 0.000 1.000 37.000 0.000 0.000 47826.000 317.000 3.000 0.000 0.000 0.000 0.000 0.000 4.000 115.000 0.000 0.000 0.000 0.000 1.000 3.000 1.000 0.000
0.000 0.000 0.000 1.000 113386.000 0.000 0.000 0.000 7.000 0.000 0.000 0.000 173.000 40.000 0.000 0.000 0.000 0.000 6029.000 0.000 1.000 11309.000 50277.000 20.000 1.000 0.000 0.000 0.000 1.000 11108.000 0.000 0.000 53180.000 21426.000 1.000 0.000 0.000 0.000 2.000 0.000 11.000 8.000 0.000 0.000 0.000 0.000 1.000 1.000 0.000 1.000
1.000 0.000 0.000 5.000 46834.000 0.000 1.000 0.000 0.000 4.000 0.000 0.000 832.000 133.000 0.000 0.000 2.000 0.000 22614.000 0.000 0.000 48200.000 6493.000 15.000 0.000 0.000 0.000 0.000 0.000 4.000 0.000 0.000 302677.000 3796.000 0.000 1.000 0.000 0.000 0.000 0.000 0.000 21.000 0.000 0.000 0.000 0.000 0.000 0.000 0.000 0.000
0.000 0.000 0.000 0.000 110737.000 0.000 0.000 0.000 0.000 1.000 14.000 0.000 429.000 1860.000 0.000 0.000 0.000 0.000 7980.000 0.000 0.000 28499.000 38208.000 245.000 0.000 0.000 0.000 0.000 0.000 1009.000 1.000 0.000 63018.000 5568.000 0.000 0.000 0.000 0.000 0.000 0.000 0.000 28.000 0.000 0.000 0.000 0.000 1.000 0.000 0.000 1.000
0.000 0.000 0.000 1.000 411799.000 0.000 1.000 0.000 0.000 0.000 0.000 0.000 6.000 62.000 0.000 0.000 0.000 0.000 13.000 0.000 0.000 88512.000 53113.000 1.000 0.000 0.000 0.000 0.000 0.000 4.000 0.000 0.000 58927.000 19645.000 0.000 0.000 0.000 2.000 0.000 0.000 1.000 17427.000 2.000 0.000 0.000 0.000 2.000 0.000 2.000 0.000
2.000 0.000 0.000 4.000 20369.000 0.000 0.000 0.000 0.000 2.000 1.000 0.000 3722.000 279.000 0.000 0.000 0.000 0.000 6611.000 0.000 1.000 45887.000 19088.000 78.000 0.000 0.000 1.000 0.000 1.000 24.000 0.000 0.000 348704.000 5.000 0.000 0.000 0.000 0.000 5.000 0.000 0.000 539.000 0.000 0.000 0.000 1.000 0.000 0.000 3.000 1.000
1.000 0.000 0.000 2.000 76046.000 0.000 0.000 1.000 1.000 3.000 0.000 0.000 7.000 86.000 0.000 0.000 0.000 0.000 1842.000 0.000 0.000 40811.000 9812.000 6926.000 0.000 0.000 0.000 0.000 0.000 29.000 1.000 0.000 127801.000 19.000 0.000 0.000 0.000 0.000 0.000 0.000 0.000 2.000 0.000 0.000 0.000 1.000 1.000 0.000 0.000 0.000
0.000 0.000 0.000 1.000 148200.000 0.000 0.000 0.000 0.000 0.000 0.000 0.000 19.000 795.000 0.000 0.000 0.000 0.000 34.000 0.000 0.000 50664.000 23155.000 7525.000 0.000 0.000 0.000 0.000 0.000 21.000 0.000 0.000 72673.000 3552.000 1.000 0.000 0.000 0.000 0.000 178.000 0.000 11.000 1.000 0.000 0.000 1.000 0.000 0.000 0.000 0.000
0.000 0.000 1.000 0.000 75938.000 0.000 0.000 0.000 1.000 0.000 0.000 0.000 50.000 3674.000 0.000 0.000 0.000 0.000 18.000 0.000 0.000 14788.000 31464.000 66.000 0.000 1.000 0.000 0.000 0.000 1635.000 0.000 0.000 37803.000 11998.000 0.000 0.000 0.000 0.000 0.000 0.000 0.000 739.000 0.000 0.000 0.000 0.000 0.000 0.000 1.000 0.000
0.000 0.000 0.000 0.000 65813.000 0.000 0.000 0.000 0.000 0.000 1.000 0.000 9.000 7808.000 0.000 0.000 0.000 0.000 6010.000 0.000 0.000 67221.000 118011.000 39.000 1.000 0.000 0.000 0.000 1.000 5024.000 0.000 0.000 61095.000 475975.000 1.000 0.000 2.000 1.000 0.000 0.000 1.000 1228.000 0.000 0.000 0.000 0.000 0.000 0.000 0.000 2.000
0.000 1.000 0.000 3.000 49936.000 0.000 0.000 0.000 2.000 0.000 0.000 0.000 18846.000 62.000 0.000 0.000 0.000 0.000 87.000 0.000 0.000 494478.000 24288.000 57.000 0.000 0.000 0.000 0.000 0.000 6514.000 2.000 0.000 90222.000 4865.000 0.000 0.000 0.000 0.000 0.000 0.000 1.000 120.000 0.000 0.000 0.000 0.000 0.000 0.000 0.000 0.000
0.000 0.000 0.000 4.000 101589.000 0.000 0.000 0.000 0.000 0.000 0.000 0.000 212.000 922.000 0.000 0.000 0.000 0.000 5324.000 0.000 1.000 13898.000 13830.000 145.000 0.000 0.000 0.000 0.000 0.000 6730.000 1.000 0.000 37488.000 10181.000 0.000 0.000 0.000 1.000 0.000 0.000 4.000 63.000 0.000 0.000 0.000 0.000 1.000 0.000 0.000 0.000
0.000 0.000 0.000 2.000 59569.000 0.000 0.000 2.000 1.000 0.000 4.000 0.000 25.000 1722.000 0.000 0.000 0.000 0.000 4912.000 0.000 1.000 77061.000 12606.000 769.000 0.000 0.000 0.000 0.000 2.000 26.000 0.000 0.000 132947.000 258.000 4.000 0.000 0.000 1.000 0.000 0.000 0.000 147.000 0.000 0.000 1.000 0.000 1.000 0.000 0.000 0.000
0.000 0.000 6.000 2.000 117423.000 0.000 0.000 1.000 0.000 0.000 0.000 0.000 14.000 6569.000 0.000 5.000 2.000 0.000 73.000 0.000 0.000 26657.000 119738.000 2829.000 0.000 8.000 0.000 0.000 0.000 208.000 0.000 0.000 48862.000 358476.000 0.000 0.000 0.000 0.000 0.000 0.000 0.000 1291.000 0.000 0.000 0.000 0.000 0.000 1.000 0.000 0.000
0.000 0.000 0.000 0.000 148733.000 0.000 0.000 0.000 0.000 0.000 0.000 0.000 11.000 674.000 0.000 0.000 0.000 0.000 7.000 0.000 0.000 103779.000 11932.000 7627.000 0.000 0.000 0.000 0.000 0.000 26.000 0.000 0.000 52604.000 155.000 0.000 0.000 0.000 0.000 0.000 0.000 0.000 35.000 1.000 0.000 0.000 0.000 0.000 0.000 1.000 0.000
0.000 0.000 0.000 1.000 36324.000 1.000 0.000 1.000 2.000 0.000 0.000 0.000 2.000 2080.000 0.000 30.000 0.000 0.000 2962.000 0.000 1.000 22108.000 119847.000 13.000 0.000 1.000 0.000 0.000 0.000 8.000 1.000 1.000 79153.000 20698.000 0.000 0.000 0.000 0.000 2.000 0.000 6.000 8.000 0.000 1.000 0.000 0.000 3.000 0.000 1.000 0.000
0.000 0.000 0.000 0.000 43845.000 0.000 0.000 0.000 0.000 0.000 0.000 0.000 3.000 5695.000 0.000 0.000 0.000 0.000 2840.000 0.000 0.000 18363.000 239146.000 17.000 0.000 0.000 0.000 0.000 0.000 3445.000 2.000 0.000 57922.000 87971.000 0.000 0.000 0.000 1.000 0.000 0.000 1.000 25.000 0.000 1.000 0.000 0.000 3.000 1.000 0.000 0.000
0.000 0.000 0.000 1.000 151610.000 0.000 0.000 1.000 3.000 0.000 0.000 0.000 1514.000 33.000 0.000 0.000 0.000 0.000 2328.000 0.000 0.000 178463.000 18044.000 6182.000 0.000 0.000 0.000 0.000 1.000 8.000 0.000 0.000 73991.000 5.000 0.000 0.000 0.000 0.000 0.000 0.000 0.000 24.000 0.000 0.000 0.000 1.000 2.000 0.000 0.000 1.000
0.000 0.000 0.000 0.000 46675.000 0.000 0.000 0.000 1.000 0.000 1.000 0.000 2349.000 3724.000 0.000 0.000 0.000 1.000 3859.000 1.000 0.000 51724.000 134587.000 323.000 0.000 3.000 0.000 1.000 0.000 860.000 2.000 0.000 80075.000 17019.000 1.000 0.000 0.000 0.000 1.000 0.000 0.000 10.000 0.000 0.000 0.000 0.000 1.000 0.000 0.000 6.000
0.000 0.000 7.000 0.000 58999.000 0.000 0.000 2.000 0.000 0.000 1.000 0.000 5.000 5565.000 0.000 3.000 0.000 0.000 1111.000 0.000 0.000 72171.000 90591.000 503.000 0.000 8.000 0.000 0.000 3.000 58.000 0.000 0.000 58751.000 31504.000 4.000 0.000 0.000 0.000 0.000 0.000 5.000 1409.000 0.000 0.000 0.000 0.000 0.000 0.000 0.000 2.000
0.000 0.000 1.000 3.000 122973.000 0.000 2.000 0.000 0.000 1.000 3.000 0.000 21.000 24375.000 0.000 2.000 0.000 0.000 2.000 9.000 0.000 30357.000 322114.000 20.000 0.000 19.000 0.000 0.000 0.000 4550.000 4.000 0.000 62214.000 10215.000 2.000 0.000 1.000 8.000 0.000 0.000 0.000 34.000 0.000 0.000 0.000 0.000 3.000 0.000 6.000 0.000
0.000 0.000 0.000 0.000 72992.000 0.000 0.000 0.000 0.000 0.000 0.000 0.000 55.000 2446.000 1.000 0.000 0.000 0.000 2528.000 0.000 0.000 74938.000 10289.000 12.000 0.000 0.000 0.000 0.000 1.000 84.000 1.000 0.000 40102.000 13.000 0.000 0.000 0.000 1.000 0.000 1.000 0.000 92.000 1.000 0.000 0.000 0.000 0.000 0.000 2.000 0.000
0.000 0.000 0.000 1.000 93648.000 0.000 0.000 1.000 0.000 0.000 0.000 0.000 5873.000 53351.000 0.000 0.000 1.000 0.000 95.000 0.000 0.000 39864.000 757101.000 53.000 0.000 0.000 0.000 0.000 0.000 37.000 0.000 0.000 68388.000 49647.000 0.000 0.000 0.000 0.000 1.000 0.000 0.000 2292.000 0.000 0.000 0.000 0.000 0.000 0.000 0.000 0.000
0.000 1.000 0.000 0.000 48499.000 0.000 0.000 0.000 1.000 0.000 0.000 0.000 734.000 376.000 0.000 0.000 0.000 0.000 32.000 1.000 0.000 88776.000 42839.000 2985.000 0.000 0.000 0.000 0.000 0.000 1479.000 0.000 0.000 138846.000 10683.000 0.000 0.000 0.000 0.000 0.000 19.000 0.000 37.000 0.000 0.000 0.000 0.000 2.000 0.000 0.000 1.000
0.000 2.000 0.000 1.000 166822.000 0.000 0.000 0.000 11.000 0.000 1.000 0.000 6913.000 47376.000 1.000 0.000 0.000 0.000 262.000 0.000 1.000 468055.000 215930.000 6187.000 0.000 0.000 0.000 0.000 0.000 8.000 0.000 0.000 86295.000 40.000 0.000 0.000 0.000 1.000 1.000 0.000 1.000 11394.000 0.000 0.000 0.000 0.000 2.000 1.000 8.000 0.000
0.000 0.000 0.000 1.000 148551.000 0.000 1.000 1.000 1.000 0.000 1.000 0.000 2307.000 7255.000 0.000 0.000 0.000 0.000 87.000 0.000 2.000 440356.000 31221.000 4173.000 0.000 0.000 0.000 0.000 0.000 372.000 0.000 0.000 70860.000 1499.000 1.000 0.000 0.000 0.000 0.000 0.000 2.000 675.000 0.000 0.000 0.000 0.000 1.000 0.000 0.000 0.000
1.000 0.000 0.000 1.000 41465.000 0.000 1.000 0.000 0.000 1.000 4.000 0.000 15.000 6320.000 0.000 0.000 0.000 0.000 36.000 2.000 0.000 13728.000 57023.000 425.000 0.000 0.000 0.000 0.000 0.000 39.000 0.000 0.000 72246.000 20782.000 5.000 0.000 0.000 1.000 2.000 0.000 2.000 8589.000 0.000 1.000 1.000 0.000 2.000 0.000 0.000 3.000
0.000 0.000 0.000 0.000 50966.000 0.000 0.000 0.000 0.000 0.000 0.000 0.000 39.000 4052.000 0.000 0.000 0.000 0.000 402.000 1.000 0.000 16359.000 61668.000 2427.000 0.000 0.000 0.000 0.000 0.000 7.000 0.000 0.000 60920.000 6403.000 1.000 0.000 0.000 0.000 5.000 0.000 0.000 865.000 0.000 0.000 0.000 0.000 1.000 0.000 6.000 0.000
0.000 0.000 0.000 0.000 64821.000 0.000 0.000 2.000 2.000 0.000 2.000 1.000 84.000 44.000 0.000 0.000 0.000 0.000 6716.000 4.000 0.000 14107.000 37949.000 2149.000 0.000 0.000 0.000 0.000 3.000 590.000 0.000 0.000 79573.000 22623.000 6.000 1.000 0.000 0.000 0.000 0.000 0.000 28.000 0.000 0.000 2.000 0.000 2.000 0.000 0.000 13.000
12.000 3.000 0.000 0.000 44953.000 0.000 0.000 1.000 1.000 0.000 2.000 0.000 4.000 149.000 0.000 0.000 0.000 0.000 8682.000 7.000 0.000 19816.000 20210.000 2103.000 0.000 0.000 0.000 0.000 1.000 18.000 0.000 1.000 108542.000 44.000 1.000 0.000 1.000 0.000 0.000 0.000 1.000 25.000 1.000 0.000 0.000 0.000 6.000 0.000 2.000 4.000
0.000 0.000 1.000 4.000 42334.000 0.000 0.000 0.000 1.000 0.000 0.000 0.000 327.000 18472.000 7.000 0.000 0.000 0.000 1362.000 0.000 0.000 33751.000 374221.000 147.000 0.000 0.000 0.000 0.000 2.000 178.000 0.000 1.000 69168.000 89056.000 2.000 0.000 0.000 0.000 2.000 0.000 2.000 5029.000 0.000 0.000 0.000 2.000 2.000 0.000 0.000 2.000
0.000 0.000 0.000 0.000 85638.000 0.000 2.000 0.000 2.000 0.000 11.000 1.000 119.000 1651.000 0.000 0.000 0.000 0.000 3254.000 0.000 0.000 8364.000 20808.000 13.000 0.000 0.000 0.000 0.000 1.000 35599.000 0.000 0.000 28246.000 19.000 0.000 1.000 1.000 4.000 0.000 1.000 0.000 28.000 0.000 0.000 0.000 0.000 0.000 0.000 0.000 0.000
0.000 0.000 7.000 0.000 172107.000 0.000 0.000 1.000 0.000 0.000 0.000 0.000 21.000 19.000 1.000 3.000 0.000 0.000 4119.000 0.000 0.000 69190.000 16836.000 6199.000 0.000 8.000 0.000 0.000 0.000 7.000 0.000 1.000 58257.000 1394.000 0.000 0.000 0.000 0.000 0.000 0.000 0.000 153.000 0.000 0.000 0.000 0.000 0.000 0.000 7.000 0.000
0.000 0.000 0.000 1.000 36975.000 0.000 0.000 0.000 0.000 0.000 1.000 0.000 58.000 4754.000 0.000 0.000 0.000 0.000 8371.000 1.000 0.000 15768.000 162973.000 56.000 0.000 0.000 1.000 1.000 2.000 80.000 0.000 0.000 68567.000 23.000 0.000 0.000 0.000 0.000 0.000 0.000 4.000 175.000 0.000 0.000 0.000 0.000 0.000 0.000 0.000 0.000
0.000 0.000 0.000 10.000 55091.000 0.000 0.000 1.000 0.000 0.000 2.000 0.000 44.000 3731.000 0.000 0.000 0.000 0.000 4141.000 0.000 1.000 48384.000 16564.000 14.000 0.000 0.000 1.000 0.000 0.000 77.000 0.000 0.000 82538.000 5964.000 0.000 0.000 0.000 1.000 0.000 1.000 0.000 222.000 0.000 0.000 0.000 0.000 0.000 0.000 0.000 0.000
1.000 0.000 0.000 1.000 45263.000 0.000 0.000 0.000 0.000 0.000 0.000 0.000 13.000 5547.000 0.000 0.000 0.000 0.000 675.000 0.000 0.000 24607.000 113024.000 11.000 0.000 0.000 0.000 0.000 0.000 301.000 0.000 0.000 58559.000 14285.000 0.000 0.000 0.000 0.000 0.000 1.000 1.000 1040.000 0.000 0.000 0.000 0.000 0.000 5.000 0.000 1.000
0.000 0.000 0.000 1.000 199568.000 0.000 1.000 0.000 0.000 0.000 0.000 0.000 12.000 3937.000 0.000 0.000 0.000 0.000 778.000 0.000 0.000 34918.000 29096.000 2696.000 0.000 0.000 0.000 0.000 0.000 6.000 0.000 0.000 33741.000 7502.000 0.000 0.000 0.000 1.000 0.000 0.000 0.000 1481.000 0.000 0.000 0.000 0.000 0.000 0.000 0.000 1.000
0.000 0.000 4.000 1.000 35164.000 0.000 0.000 2.000 0.000 0.000 3.000 0.000 332.000 5270.000 2.000 0.000 0.000 1.000 4920.000 0.000 0.000 20393.000 90211.000 9.000 0.000 0.000 0.000 0.000 2.000 33.000 2.000 0.000 78199.000 6921.000 0.000 0.000 0.000 0.000 0.000 0.000 0.000 606.000 0.000 0.000 0.000 0.000 0.000 0.000 0.000 0.000
0.000 0.000 11.000 2.000 36216.000 0.000 0.000 1.000 3.000 0.000 1.000 1.000 11.000 131.000 0.000 0.000 0.000 0.000 10149.000 0.000 0.000 25300.000 37434.000 35.000 0.000 1.000 1.000 1.000 1.000 23.000 1.000 0.000 83691.000 8603.000 0.000 0.000 0.000 0.000 1.000 0.000 0.000 17.000 0.000 0.000 0.000 0.000 1.000 0.000 0.000 3.000
0.000 0.000 0.000 12.000 28047.000 0.000 0.000 0.000 0.000 0.000 0.000 0.000 3642.000 4972.000 0.000 1.000 0.000 0.000 5312.000 0.000 0.000 27384.000 55011.000 51.000 0.000 0.000 0.000 0.000 1.000 15.000 0.000 0.000 80336.000 3902.000 0.000 0.000 0.000 0.000 0.000 0.000 2.000 145.000 0.000 0.000 0.000 0.000 0.000 0.000 0.000 0.000
0.000 0.000 0.000 1.000 76633.000 0.000 0.000 0.000 0.000 0.000 0.000 0.000 2651.000 2590.000 1.000 0.000 0.000 0.000 72.000 0.000 0.000 23466.000 17345.000 1595.000 0.000 0.000 0.000 0.000 1.000 170.000 1.000 0.000 42972.000 1277.000 2.000 0.000 0.000 1.000 0.000 0.000 1.000 253.000 0.000 0.000 0.000 0.000 0.000 0.000 0.000 0.000
0.000 0.000 2.000 1.000 68456.000 0.000 0.000 0.000 0.000 0.000 0.000 1.000 3606.000 5160.000 0.000 0.000 0.000 0.000 36.000 1.000 0.000 22438.000 123874.000 7.000 0.000 0.000 0.000 0.000 0.000 13.000 0.000 1.000 84530.000 348.000 0.000 0.000 1.000 0.000 0.000 0.000 0.000 5985.000 0.000 2.000 0.000 0.000 6.000 0.000 0.000 0.000
