0 1 2 3 4 5 6 7 8 9 10 11 12 13 14 15 16 17 18 19 20 21 22 23 24
0.000 0.000 0.000 65.000 249341.000 1.000 0.000 1.000 1.000 27169.000 2.000 0.000 0.000 1.000 10548.000 0.000 101739.000 3069.000 1122.000 0.000 0.000 0.000 0.000 1.000 0.000
3.000 1.000 0.000 75.000 212931.000 1.000 0.000 0.000 0.000 32217.000 0.000 0.000 1.000 0.000 12.000 0.000 22099.000 5587.000 15072.000 0.000 0.000 11.000 0.000 0.000 0.000
1.000 0.000 0.000 8911.000 129207.000 0.000 6.000 0.000 1.000 688252.000 0.000 1.000 0.000 0.000 76.000 0.000 37208.000 8760.000 10765.000 1.000 0.000 0.000 1.000 0.000 0.000
1.000 0.000 0.000 461.000 195384.000 4.000 0.000 1.000 0.000 88620.000 0.000 0.000 0.000 1.000 69.000 3.000 15458.000 28432.000 32.000 1.000 0.000 3.000 0.000 3.000 0.000
0.000 0.000 0.000 346.000 133729.000 0.000 0.000 0.000 0.000 19693.000 0.000 1.000 0.000 0.000 35.000 1.000 164782.000 2529.000 1.000 0.000 0.000 0.000 0.000 0.000 0.000
1.000 0.000 0.000 209.000 213216.000 0.000 2.000 1.000 0.000 35180.000 0.000 0.000 0.000 0.000 438.000 1.000 46043.000 931.000 33.000 0.000 0.000 0.000 0.000 0.000 0.000
0.000 0.000 0.000 72.000 152622.000 0.000 0.000 0.000 1.000 18201.000 0.000 0.000 0.000 0.000 235.000 0.000 81495.000 644.000 7604.000 0.000 0.000 0.000 0.000 0.000 0.000
3.000 0.000 0.000 1973.000 196286.000 1.000 0.000 0.000 3.000 19012.000 0.000 0.000 0.000 1.000 8.000 0.000 87870.000 3013.000 34.000 0.000 0.000 19.000 1.000 0.000 0.000
0.000 0.000 0.000 7731.000 112443.000 0.000 0.000 0.000 0.000 23241.000 0.000 0.000 1.000 0.000 168.000 1.000 17870.000 8614.000 1573.000 2.000 1.000 0.000 1.000 1.000 1.000
4.000 0.000 0.000 6310.000 120048.000 0.000 0.000 0.000 0.000 240913.000 0.000 2.000 0.000 1.000 25.000 0.000 31440.000 5524.000 27.000 1.000 0.000 0.000 0.000 0.000 0.000
2.000 0.000 0.000 485.000 146227.000 0.000 0.000 0.000 0.000 15223.000 1.000 0.000 0.000 1.000 309.000 0.000 41584.000 1996.000 59.000 0.000 0.000 1.000 0.000 0.000 0.000
0.000 0.000 0.000 4677.000 107694.000 3.000 0.000 0.000 1.000 44315.000 0.000 0.000 0.000 3.000 181.000 0.000 23353.000 2467.000 67.000 0.000 0.000 0.000 0.000 0.000 36.000
3.000 2.000 2.000 734.000 121969.000 4.000 4.000 0.000 0.000 122788.000 0.000 1.000 1.000 5.000 5133.000 0.000 11480.000 2309.000 2051.000 0.000 0.000 14.000 0.000 0.000 0.000
0.000 0.000 1.000 1262.000 101798.000 0.000 0.000 0.000 2.000 19007.000 1.000 0.000 0.000 1.000 47.000 2.000 16790.000 6548.000 41300.000 0.000 0.000 0.000 0.000 4.000 0.000
1.000 0.000 0.000 17964.000 103403.000 0.000 0.000 0.000 0.000 19753.000 0.000 2.000 0.000 0.000 1714.000 0.000 305379.000 481.000 274.000 0.000 0.000 0.000 0.000 0.000 0.000
0.000 0.000 0.000 74213.000 144917.000 0.000 1.000 0.000 1.000 925018.000 0.000 1.000 0.000 0.000 467.000 0.000 47688.000 2540.000 50.000 0.000 0.000 0.000 0.000 1.000 1.000
0.000 0.000 0.000 33015.000 171682.000 0.000 0.000 0.000 0.000 297326.000 0.000 0.000 0.000 1.000 188.000 5.000 54497.000 1418.000 9032.000 0.000 0.000 0.000 0.000 1.000 0.000
0.000 0.000 0.000 1437.000 164550.000 2.000 0.000 0.000 0.000 25139.000 0.000 1.000 0.000 3.000 2627.000 1.000 146828.000 90.000 61.000 0.000 0.000 0.000 0.000 1.000 0.000
0.000 0.000 0.000 67.000 187703.000 1.000 0.000 1.000 0.000 13862.000 0.000 4.000 0.000 1.000 1182.000 0.000 35728.000 65609.000 119.000 0.000 0.000 0.000 0.000 0.000 0.000
0.000 0.000 0.000 12710.000 82026.000 1.000 0.000 0.000 199.000 358944.000 0.000 0.000 0.000 2.000 503.000 0.000 26353.000 41603.000 7.000 0.000 0.000 1.000 1.000 100.000 0.000
1.000 0.000 1.000 51106.000 154661.000 6.000 0.000 0.000 0.000 288089.000 0.000 6.000 1.000 0.000 98.000 4.000 152861.000 6010.000 10.000 0.000 0.000 0.000 0.000 2.000 0.000
0.000 0.000 0.000 46.000 187884.000 1.000 0.000 0.000 0.000 19588.000 0.000 1.000 0.000 6.000 14.000 1.000 27853.000 18480.000 12.000 0.000 0.000 0.000 0.000 0.000 0.000
0.000 0.000 0.000 6467.000 126721.000 0.000 1.000 0.000 1.000 68221.000 0.000 0.000 0.000 2.000 31.000 0.000 29791.000 41021.000 901.000 1.000 0.000 0.000 0.000 0.000 0.000
0.000 0.000 0.000 9876.000 130563.000 0.000 0.000 0.000 2.000 19942.000 0.000 1.000 0.000 1.000 86.000 0.000 60241.000 1475.000 70.000 0.000 0.000 0.000 0.000 0.000 0.000
1.000 0.000 0.000 210.000 96317.000 0.000 0.000 1.000 0.000 290533.000 0.000 0.000 0.000 3.000 971.000 2.000 40643.000 2126.000 4393.000 1.000 0.000 0.000 0.000 0.000 0.000
1.000 0.000 0.000 8759.000 131915.000 0.000 0.000 0.000 0.000 29449.000 1.000 0.000 0.000 0.000 2607.000 0.000 38697.000 1006.000 277.000 0.000 0.000 1.000 0.000 0.000 0.000
0.000 0.000 0.000 1467.000 217504.000 2.000 0.000 2.000 0.000 43558.000 1.000 0.000 0.000 1.000 1107.000 0.000 27569.000 19661.000 5.000 0.000 0.000 0.000 1.000 0.000 1.000
0.000 0.000 0.000 33.000 112807.000 2.000 0.000 1.000 2.000 22294.000 0.000 0.000 0.000 1.000 64.000 0.000 36295.000 10734.000 92.000 0.000 0.000 0.000 0.000 0.000 0.000
1.000 1.000 0.000 5657.000 118448.000 1.000 0.000 0.000 0.000 20048.000 0.000 0.000 0.000 0.000 36.000 5.000 21123.000 808.000 4939.000 0.000 1.000 1.000 0.000 0.000 0.000
0.000 0.000 0.000 4336.000 119015.000 3.000 0.000 0.000 0.000 104512.000 0.000 0.000 0.000 0.000 240.000 0.000 41415.000 22579.000 87.000 0.000 0.000 0.000 0.000 3.000 0.000
1.000 0.000 0.000 33444.000 155202.000 1.000 0.000 0.000 2.000 94499.000 0.000 1.000 0.000 0.000 12.000 2.000 168141.000 1289.000 25.000 0.000 0.000 1.000 0.000 0.000 0.000
1.000 0.000 0.000 802.000 207960.000 1.000 0.000 0.000 0.000 14120.000 0.000 2.000 0.000 0.000 7535.000 0.000 81432.000 113.000 14.000 1.000 0.000 0.000 0.000 0.000 0.000
0.000 0.000 0.000 16.000 104743.000 0.000 0.000 0.000 0.000 15930.000 0.000 0.000 0.000 1.000 5492.000 0.000 245530.000 61.000 1011.000 0.000 0.000 0.000 0.000 0.000 0.000
2.000 0.000 0.000 542.000 162151.000 1.000 0.000 0.000 1.000 17269.000 0.000 0.000 0.000 0.000 114.000 0.000 43357.000 8860.000 124.000 1.000 0.000 0.000 0.000 0.000 0.000
0.000 0.000 1.000 3552.000 147945.000 1.000 0.000 0.000 0.000 56481.000 0.000 0.000 0.000 0.000 215.000 4.000 26653.000 1474.000 76.000 0.000 0.000 0.000 0.000 0.000 0.000
0.000 0.000 0.000 4186.000 186943.000 0.000 0.000 0.000 0.000 15595.000 0.000 0.000 0.000 0.000 9043.000 0.000 419458.000 853.000 188.000 0.000 0.000 0.000 0.000 0.000 0.000
0.000 0.000 0.000 14822.000 133404.000 1.000 0.000 0.000 0.000 424592.000 0.000 0.000 0.000 3.000 58.000 0.000 25958.000 152.000 6.000 0.000 0.000 0.000 0.000 0.000 0.000
2.000 0.000 0.000 1047.000 125891.000 0.000 0.000 0.000 0.000 16070.000 1.000 1.000 0.000 1.000 6752.000 0.000 120732.000 59.000 31.000 0.000 0.000 0.000 0.000 0.000 0.000
1.000 0.000 0.000 4970.000 173776.000 2.000 1.000 0.000 96.000 112074.000 1.000 0.000 0.000 0.000 5413.000 0.000 60252.000 13755.000 23.000 0.000 0.000 0.000 0.000 0.000 0.000
1.000 0.000 0.000 1126.000 155975.000 1.000 0.000 0.000 1.000 40071.000 0.000 3.000 0.000 2.000 93.000 1.000 47488.000 8693.000 1098.000 0.000 0.000 0.000 0.000 2.000 1.000
2.000 0.000 1.000 12098.000 183456.000 3.000 0.000 1.000 3.000 159154.000 1.000 2.000 0.000 0.000 355.000 0.000 47622.000 14511.000 27.000 0.000 0.000 1.000 0.000 0.000 0.000
0.000 0.000 0.000 3997.000 167052.000 0.000 0.000 0.000 0.000 20493.000 0.000 0.000 2.000 0.000 403.000 2.000 39255.000 3487.000 149.000 0.000 0.000 0.000 0.000 0.000 0.000
0.000 1.000 0.000 40.000 173454.000 0.000 0.000 0.000 0.000 24383.000 0.000 0.000 1.000 0.000 2983.000 0.000 32614.000 6293.000 96.000 0.000 0.000 0.000 0.000 0.000 0.000
2.000 0.000 0.000 22.000 296759.000 2.000 0.000 1.000 1.000 58092.000 1.000 0.000 0.000 0.000 3.000 0.000 59062.000 75128.000 3.000 0.000 2.000 0.000 0.000 1.000 0.000
0.000 1.000 0.000 29233.000 130955.000 2.000 0.000 0.000 0.000 50388.000 0.000 0.000 0.000 2.000 7167.000 0.000 360610.000 1063.000 324.000 1.000 0.000 1.000 0.000 0.000 0.000
1.000 0.000 0.000 1555.000 202070.000 2.000 0.000 0.000 31.000 183545.000 0.000 0.000 0.000 15.000 63.000 0.000 69555.000 2632.000 3285.000 0.000 0.000 1.000 1.000 1.000 0.000
2.000 0.000 0.000 160.000 256368.000 0.000 1.000 0.000 3.000 13990.000 6.000 2.000 1.000 4.000 238.000 0.000 81193.000 50835.000 7.000 0.000 0.000 0.000 0.000 7.000 0.000
4.000 3.000 1.000 2325.000 226874.000 1.000 0.000 0.000 1.000 16593.000 0.000 0.000 0.000 0.000 4753.000 0.000 30266.000 1956.000 209.000 0.000 0.000 18.000 0.000 0.000 0.000
0.000 0.000 0.000 5638.000 118453.000 1.000 2.000 0.000 1.000 249897.000 0.000 2.000 0.000 6.000 1172.000 0.000 30417.000 1229.000 157.000 0.000 1.000 0.000 0.000 1.000 0.000
0.000 0.000 0.000 247.000 296069.000 2.000 0.000 0.000 0.000 10951.000 3.000 0.000 0.000 0.000 6465.000 1.000 61619.000 4909.000 3.000 0.000 0.000 0.000 0.000 1.000 0.000
