0	2.0 0.0 0.0 73509.0 2145.0 0.0 0.0 0.0 0.0 196.0 1.0 0.0 0.0 0.0 968500.0 1.0 112525.0 98325.0 933771.0 0.0 0.0 0.0 0.0 0.0 0.0 0.0 0.0 0.0 65.0 249341.0 1.0 0.0 1.0 1.0 27169.0 2.0 0.0 0.0 1.0 10548.0 0.0 101739.0 3069.0 1122.0 0.0 0.0 0.0 0.0 1.0 0.0 6818.0 740.0 148.0 3.0 7.0 125700.0 4156.0 2676.0 936.0 3.0 963348.0 870.0 1291.0 2567.0 4.0 2967.0 9.0 1.0 2.0 1521.0 9532.0 254.0 6635.0 3341.0 842.0
1	0.0 0.0 1.0 51012.0 10969.0 0.0 0.0 0.0 0.0 6783.0 0.0 0.0 0.0 1.0 189661.0 1.0 70.0 104751.0 2879009.0 1.0 0.0 1.0 0.0 1.0 0.0 3.0 1.0 0.0 75.0 212931.0 1.0 0.0 0.0 0.0 32217.0 0.0 0.0 1.0 0.0 12.0 0.0 22099.0 5587.0 15072.0 0.0 0.0 11.0 0.0 0.0 0.0 3755.0 981.0 265.0 2.0 7.0 43174.0 1381.0 1373.0 2111.0 10.0 5726.0 511.0 904.0 5936.0 6.0 1358.0 7.0 3.0 1.0 1155.0 2045272.0 1599.0 9077.0 1895.0 80.0
2	1.0 0.0 0.0 1476936.0 5169.0 0.0 0.0 1.0 2.0 202355.0 1.0 1.0 0.0 2.0 258234.0 0.0 13100.0 247225.0 72655.0 1.0 0.0 1.0 0.0 0.0 0.0 1.0 0.0 0.0 8911.0 129207.0 0.0 6.0 0.0 1.0 688252.0 0.0 1.0 0.0 0.0 76.0 0.0 37208.0 8760.0 10765.0 1.0 0.0 0.0 1.0 0.0 0.0 4684.0 3447.0 3446.0 5.0 7.0 142434.0 5862.0 3585.0 511.0 21.0 4347.0 1195.0 2021.0 1581908.0 7.0 7706.0 9.0 7.0 2.0 3602.0 2792.0 2131.0 4548.0 16391.0 558.0
3	1.0 1.0 0.0 438537.0 2720.0 1.0 0.0 0.0 0.0 16322.0 1.0 42.0 0.0 1.0 142524.0 0.0 4752.0 319718.0 144484.0 0.0 0.0 2.0 0.0 0.0 0.0 1.0 0.0 0.0 461.0 195384.0 4.0 0.0 1.0 0.0 88620.0 0.0 0.0 0.0 1.0 69.0 3.0 15458.0 28432.0 32.0 1.0 0.0 3.0 0.0 3.0 0.0 7458.0 2530.0 520.0 8.0 17.0 84720.0 2473.0 6242.0 2107.0 4.0 4920.0 198.0 2630.0 11523.0 9.0 4585.0 6.0 10.0 0.0 819679.0 7727.0 5693.0 5472.0 3397.0 946.0
4	2.0 2.0 1.0 108383.0 1006.0 4.0 1.0 0.0 2.0 79.0 1.0 3.0 0.0 0.0 740793.0 0.0 103792.0 278946.0 115853.0 0.0 0.0 2.0 0.0 0.0 0.0 0.0 0.0 0.0 346.0 133729.0 0.0 0.0 0.0 0.0 19693.0 0.0 1.0 0.0 0.0 35.0 1.0 164782.0 2529.0 1.0 0.0 0.0 0.0 0.0 0.0 0.0 13368.0 2345.0 55.0 12.0 11.0 346652.0 3023.0 3643.0 258.0 13.0 18723.0 1785.0 1665.0 4615.0 9.0 2932.0 19.0 13.0 5.0 959.0 5466.0 1959.0 14753.0 5702.0 2161.0
5	1.0 1.0 6.0 533347.0 40442.0 0.0 0.0 1.0 1.0 32.0 0.0 0.0 0.0 0.0 397807.0 0.0 15568.0 100364.0 442751.0 0.0 0.0 0.0 0.0 0.0 4.0 1.0 0.0 0.0 209.0 213216.0 0.0 2.0 1.0 0.0 35180.0 0.0 0.0 0.0 0.0 438.0 1.0 46043.0 931.0 33.0 0.0 0.0 0.0 0.0 0.0 0.0 7767.0 2048.0 107.0 7.0 10.0 344540.0 3511.0 4069.0 170.0 33.0 4756.0 485.0 2387.0 11288.0 14.0 4977.0 18.0 21.0 4.0 1700.0 6719.0 1839.0 30493.0 5647.0 1678.0
6	0.0 0.0 0.0 56599.0 23481.0 0.0 0.0 1.0 1.0 295.0 0.0 0.0 0.0 0.0 897672.0 2.0 2860.0 46584.0 516360.0 0.0 0.0 0.0 0.0 1.0 0.0 0.0 0.0 0.0 72.0 152622.0 0.0 0.0 0.0 1.0 18201.0 0.0 0.0 0.0 0.0 235.0 0.0 81495.0 644.0 7604.0 0.0 0.0 0.0 0.0 0.0 0.0 11166.0 2521.0 272.0 18.0 9.0 283704.0 4378.0 4586.0 201.0 8.0 19531.0 1079.0 1685.0 7848.0 14.0 3113.0 14.0 10.0 2.0 861.0 10242.0 1801.0 21545.0 5820.0 1035.0
7	0.0 0.0 0.0 119256.0 1712.0 0.0 0.0 0.0 3.0 6924.0 0.0 0.0 0.0 0.0 1020120.0 1.0 58707.0 165676.0 436666.0 1.0 0.0 1.0 0.0 0.0 2.0 3.0 0.0 0.0 1973.0 196286.0 1.0 0.0 0.0 3.0 19012.0 0.0 0.0 0.0 1.0 8.0 0.0 87870.0 3013.0 34.0 0.0 0.0 19.0 1.0 0.0 0.0 7299.0 1928.0 430.0 19.0 17.0 107049.0 1326.0 3650.0 5382.0 18.0 13955.0 870.0 2213.0 6176.0 14.0 1218.0 25.0 17.0 7.0 2294.0 777164.0 1984.0 6833.0 1836.0 854.0
8	0.0 0.0 0.0 103047.0 387.0 2.0 0.0 0.0 0.0 109.0 0.0 0.0 0.0 0.0 102012.0 0.0 3390.0 79648.0 1792033.0 0.0 0.0 5.0 1.0 0.0 0.0 0.0 0.0 0.0 7731.0 112443.0 0.0 0.0 0.0 0.0 23241.0 0.0 0.0 1.0 0.0 168.0 1.0 17870.0 8614.0 1573.0 2.0 1.0 0.0 1.0 1.0 1.0 4308.0 4159.0 664.0 3.0 3.0 110099.0 5756.0 3557.0 1915.0 6.0 10101.0 496.0 998.0 3258.0 3.0 1703.0 1.0 1.0 2.0 2639.0 6398.0 6408.0 534566.0 6683.0 3009.0
9	1.0 1.0 0.0 727496.0 247.0 0.0 0.0 2.0 6.0 96547.0 1.0 2.0 0.0 24.0 164757.0 6.0 5210.0 231522.0 137765.0 0.0 0.0 0.0 1.0 3.0 2.0 4.0 0.0 0.0 6310.0 120048.0 0.0 0.0 0.0 0.0 240913.0 0.0 2.0 0.0 1.0 25.0 0.0 31440.0 5524.0 27.0 1.0 0.0 0.0 0.0 0.0 0.0 4392.0 1961.0 1581.0 38.0 12.0 93094.0 3814.0 3174.0 1384.0 11.0 3292.0 962.0 840.0 21582.0 23.0 6087.0 4.0 23.0 4.0 2360.0 177.0 1009396.0 2867.0 7784.0 1111.0
10	1.0 0.0 1.0 80997.0 71335.0 1.0 0.0 0.0 0.0 397.0 1.0 0.0 1.0 0.0 431855.0 3.0 4208.0 152057.0 178519.0 0.0 0.0 3.0 0.0 0.0 0.0 2.0 0.0 0.0 485.0 146227.0 0.0 0.0 0.0 0.0 15223.0 1.0 0.0 0.0 1.0 309.0 0.0 41584.0 1996.0 59.0 0.0 0.0 1.0 0.0 0.0 0.0 17211.0 1796.0 100.0 8.0 18.0 195471.0 6661.0 4147.0 377.0 6.0 14891.0 1761.0 4279.0 8137.0 9.0 5048.0 11.0 28.0 4.0 3385.0 13384.0 1264.0 9116.0 5785.0 1200.0
11	2.0 0.0 5.0 163080.0 2973.0 0.0 0.0 0.0 6.0 10909.0 0.0 1.0 0.0 0.0 203530.0 1.0 7320.0 99236.0 653357.0 0.0 0.0 2.0 1.0 1.0 0.0 0.0 0.0 0.0 4677.0 107694.0 3.0 0.0 0.0 1.0 44315.0 0.0 0.0 0.0 3.0 181.0 0.0 23353.0 2467.0 67.0 0.0 0.0 0.0 0.0 0.0 36.0 4616.0 1096.0 1821.0 8.0 21.0 89718.0 5534.0 5199.0 2039.0 5.0 4569.0 111.0 1970.0 14226.0 8.0 3695.0 11.0 9.0 6.0 3824.0 10905.0 359847.0 11105.0 6159.0 1521.0
12	0.0 0.0 1.0 149724.0 2683.0 1.0 0.0 0.0 0.0 34956.0 0.0 1.0 1.0 3.0 235732.0 2.0 4130.0 218935.0 1251541.0 0.0 0.0 0.0 2.0 1.0 0.0 3.0 2.0 2.0 734.0 121969.0 4.0 4.0 0.0 0.0 122788.0 0.0 1.0 1.0 5.0 5133.0 0.0 11480.0 2309.0 2051.0 0.0 0.0 14.0 0.0 0.0 0.0 5374.0 977.0 371.0 0.0 6.0 73195.0 5646.0 1988.0 2455.0 3.0 7941.0 1499.0 2978.0 13038.0 18.0 2184.0 23.0 2.0 3.0 2670.0 1028745.0 3275.0 9179.0 2749.0 2043.0
13	0.0 0.0 0.0 66805.0 472.0 0.0 0.0 1.0 0.0 809.0 0.0 2.0 0.0 0.0 80958.0 4.0 2550.0 71316.0 2406473.0 0.0 0.0 2.0 2.0 0.0 0.0 0.0 0.0 1.0 1262.0 101798.0 0.0 0.0 0.0 2.0 19007.0 1.0 0.0 0.0 1.0 47.0 2.0 16790.0 6548.0 41300.0 0.0 0.0 0.0 0.0 4.0 0.0 4831.0 2130.0 772.0 5.0 3.0 65789.0 2729.0 3086.0 598.0 11.0 6494.0 961.0 3431.0 5020.0 4.0 1981.0 4.0 7.0 1.0 3061.0 6472.0 7236.0 820042.0 3295.0 1774.0
14	1.0 2.0 3.0 459941.0 224.0 1.0 1.0 1.0 1.0 302.0 2.0 1.0 0.0 0.0 1016239.0 0.0 142253.0 88235.0 453476.0 0.0 1.0 0.0 0.0 4.0 0.0 1.0 0.0 0.0 17964.0 103403.0 0.0 0.0 0.0 0.0 19753.0 0.0 2.0 0.0 0.0 1714.0 0.0 305379.0 481.0 274.0 0.0 0.0 0.0 0.0 0.0 0.0 7451.0 2357.0 39.0 30.0 15.0 476240.0 1396.0 3187.0 7423.0 20.0 27392.0 239.0 718.0 9340.0 10.0 3347.0 24.0 17.0 5.0 59.0 2198.0 149.0 19152.0 12799.0 663.0
15	0.0 0.0 1.0 3543811.0 14917.0 0.0 0.0 1.0 3.0 97977.0 0.0 3.0 2.0 0.0 178534.0 0.0 22003.0 202502.0 265401.0 0.0 0.0 0.0 0.0 0.0 1.0 0.0 0.0 0.0 74213.0 144917.0 0.0 1.0 0.0 1.0 925018.0 0.0 1.0 0.0 0.0 467.0 0.0 47688.0 2540.0 50.0 0.0 0.0 0.0 0.0 1.0 1.0 5099.0 3046.0 7547.0 27.0 12.0 215963.0 5631.0 5581.0 53.0 53.0 4160.0 2919.0 1231.0 43679.0 20.0 27756.0 34.0 12.0 2.0 543.0 441.0 12655.0 4417.0 1819784.0 3539.0
16	1.0 0.0 4.0 1616144.0 26.0 1.0 1.0 2.0 1.0 10115.0 0.0 2.0 0.0 1.0 130047.0 1.0 13450.0 135028.0 960452.0 0.0 0.0 0.0 0.0 0.0 0.0 0.0 0.0 0.0 33015.0 171682.0 0.0 0.0 0.0 0.0 297326.0 0.0 0.0 0.0 1.0 188.0 5.0 54497.0 1418.0 9032.0 0.0 0.0 0.0 0.0 1.0 0.0 5502.0 3117.0 5746.0 11.0 6.0 187054.0 1694.0 4349.0 2948.0 11.0 4017.0 2834.0 2965.0 16783.0 15.0 19431.0 23.0 14.0 1.0 4915.0 1898.0 6000.0 10697.0 914078.0 2855.0
17	0.0 0.0 7.0 134202.0 8607.0 0.0 0.0 0.0 0.0 1930.0 0.0 0.0 0.0 4.0 928028.0 0.0 68887.0 194978.0 353657.0 0.0 0.0 4.0 1.0 1.0 0.0 0.0 0.0 0.0 1437.0 164550.0 2.0 0.0 0.0 0.0 25139.0 0.0 1.0 0.0 3.0 2627.0 1.0 146828.0 90.0 61.0 0.0 0.0 0.0 0.0 1.0 0.0 7417.0 959.0 139.0 7.0 12.0 108720.0 3119.0 3207.0 953606.0 11.0 13508.0 1413.0 917.0 4821.0 7.0 2166.0 11.0 13.0 0.0 1167.0 2991.0 1521.0 7442.0 3120.0 111.0
18	0.0 1.0 1.0 68136.0 8263.0 1.0 0.0 2.0 0.0 133.0 0.0 1.0 0.0 2.0 265403.0 0.0 9245.0 736957.0 79942.0 1.0 0.0 0.0 0.0 0.0 1.0 0.0 0.0 0.0 67.0 187703.0 1.0 0.0 1.0 0.0 13862.0 0.0 4.0 0.0 1.0 1182.0 0.0 35728.0 65609.0 119.0 0.0 0.0 0.0 0.0 0.0 0.0 25477.0 1704.0 53.0 6.0 13.0 373096.0 2633.0 9027.0 177.0 258.0 6291.0 788.0 14387.0 5470.0 17.0 3214.0 36.0 31.0 6.0 1239.0 5163.0 1054.0 6842.0 4352.0 859.0
19	1.0 0.0 0.0 674559.0 194.0 0.0 0.0 0.0 10.0 56916.0 0.0 0.0 0.0 79.0 98883.0 0.0 13199.0 149215.0 21355.0 0.0 0.0 0.0 1.0 1.0 1.0 0.0 0.0 0.0 12710.0 82026.0 1.0 0.0 0.0 199.0 358944.0 0.0 0.0 0.0 2.0 503.0 0.0 26353.0 41603.0 7.0 0.0 0.0 1.0 1.0 100.0 0.0 6131.0 1660.0 1138556.0 5.0 3.0 78105.0 9405.0 2545.0 123.0 5.0 2507.0 196.0 788.0 18327.0 2.0 5562.0 3.0 6.0 1.0 2972.0 3734.0 6179.0 1407.0 18629.0 1668.0
20	2.0 1.0 0.0 2093804.0 15176.0 1.0 0.0 0.0 0.0 12573.0 3.0 1.0 1.0 0.0 406046.0 0.0 60913.0 283273.0 872.0 0.0 0.0 0.0 0.0 1.0 1.0 1.0 0.0 1.0 51106.0 154661.0 6.0 0.0 0.0 0.0 288089.0 0.0 6.0 1.0 0.0 98.0 4.0 152861.0 6010.0 10.0 0.0 0.0 0.0 0.0 2.0 0.0 10321.0 10951.0 248.0 36.0 10.0 571919.0 4729.0 6986.0 496.0 38.0 6720.0 2679.0 2173.0 41681.0 18.0 30625.0 13.0 15.0 3.0 289.0 920.0 800.0 14097.0 89714.0 3772.0
21	0.0 6.0 4.0 58839.0 18459.0 2.0 1.0 8.0 3.0 7691.0 3.0 3.0 0.0 34.0 224801.0 7.0 13013.0 510404.0 125245.0 16.0 0.0 14.0 5.0 0.0 1.0 0.0 0.0 0.0 46.0 187884.0 1.0 0.0 0.0 0.0 19588.0 0.0 1.0 0.0 6.0 14.0 1.0 27853.0 18480.0 12.0 0.0 0.0 0.0 0.0 0.0 0.0 10983.0 1556.0 831.0 4.0 8.0 73861.0 748.0 4538.0 318.0 4.0 3820.0 4373.0 4824.0 5535.0 5.0 2250.0 10.0 10.0 6.0 3603.0 4596.0 561115.0 4228.0 3433.0 1240.0
22	0.0 31.0 1.0 267397.0 98.0 0.0 1.0 0.0 1.0 11482.0 0.0 1.0 3.0 1.0 171993.0 0.0 10580.0 322660.0 268535.0 0.0 0.0 0.0 10.0 0.0 0.0 0.0 0.0 0.0 6467.0 126721.0 0.0 1.0 0.0 1.0 68221.0 0.0 0.0 0.0 2.0 31.0 0.0 29791.0 41021.0 901.0 1.0 0.0 0.0 0.0 0.0 0.0 6200.0 753727.0 1755.0 5.0 11.0 88263.0 4871.0 5810.0 170.0 6.0 4691.0 255.0 897.0 8642.0 3.0 2893.0 8.0 8.0 5.0 4367.0 5063.0 3087.0 4885.0 4259.0 879.0
23	1.0 0.0 1.0 74293.0 14203.0 1.0 1.0 0.0 2.0 105.0 1.0 1.0 0.0 0.0 550791.0 0.0 44952.0 49331.0 820134.0 0.0 0.0 2.0 0.0 0.0 0.0 0.0 0.0 0.0 9876.0 130563.0 0.0 0.0 0.0 2.0 19942.0 0.0 1.0 0.0 1.0 86.0 0.0 60241.0 1475.0 70.0 0.0 0.0 0.0 0.0 0.0 0.0 8409.0 654.0 47.0 12.0 13.0 272078.0 5764.0 3591.0 266.0 25.0 23058.0 1383.0 1714.0 11088.0 7.0 5522.0 6.0 11.0 5.0 955.0 4325.0 458.0 41633.0 6983.0 1063.0
24	1.0 0.0 0.0 553468.0 166.0 2.0 0.0 0.0 3.0 24034.0 2.0 0.0 0.0 1.0 433374.0 2.0 26057.0 186416.0 353645.0 0.0 0.0 0.0 1.0 0.0 0.0 1.0 0.0 0.0 210.0 96317.0 0.0 0.0 1.0 0.0 290533.0 0.0 0.0 0.0 3.0 971.0 2.0 40643.0 2126.0 4393.0 1.0 0.0 0.0 0.0 0.0 0.0 5420.0 3136.0 407.0 9.0 9.0 363785.0 10276.0 6249.0 761.0 7.0 9941.0 2372.0 2311.0 33854.0 4.0 7389.0 20.0 15.0 1.0 249.0 5858.0 1869.0 16699.0 21782.0 3640.0
25	1.0 0.0 2.0 244542.0 33187.0 0.0 1.0 0.0 1.0 169.0 1.0 1.0 0.0 0.0 416065.0 0.0 22062.0 97708.0 221595.0 0.0 0.0 1.0 0.0 0.0 1.0 1.0 0.0 0.0 8759.0 131915.0 0.0 0.0 0.0 0.0 29449.0 1.0 0.0 0.0 0.0 2607.0 0.0 38697.0 1006.0 277.0 0.0 0.0 1.0 0.0 0.0 0.0 15876.0 1666.0 104.0 13.0 8.0 181750.0 3863.0 5472.0 3484.0 20.0 12033.0 1133.0 2045.0 7441.0 9.0 3369.0 16.0 14.0 1.0 4928.0 94856.0 1223.0 18481.0 4605.0 1769.0
26	0.0 9.0 1.0 213193.0 3658.0 0.0 0.0 0.0 0.0 1936.0 0.0 2.0 0.0 0.0 255230.0 0.0 11263.0 612602.0 114956.0 0.0 0.0 2.0 0.0 1.0 4.0 0.0 0.0 0.0 1467.0 217504.0 2.0 0.0 2.0 0.0 43558.0 1.0 0.0 0.0 1.0 1107.0 0.0 27569.0 19661.0 5.0 0.0 0.0 0.0 1.0 0.0 1.0 8185.0 1902.0 294.0 24.0 6.0 109887.0 1118.0 828298.0 562.0 9.0 6126.0 428.0 3538.0 6248.0 7.0 3136.0 9.0 11.0 75.0 2643.0 4835.0 2628.0 4240.0 2963.0 682.0
27	0.0 1.0 0.0 138273.0 41.0 0.0 0.0 0.0 0.0 122.0 1.0 2.0 1.0 0.0 176126.0 0.0 19840.0 313524.0 336054.0 0.0 0.0 0.0 0.0 0.0 0.0 0.0 0.0 0.0 33.0 112807.0 2.0 0.0 1.0 2.0 22294.0 0.0 0.0 0.0 1.0 64.0 0.0 36295.0 10734.0 92.0 0.0 0.0 0.0 0.0 0.0 0.0 8831.0 3018.0 142.0 24.0 20.0 197665.0 925.0 9082.0 1169.0 20.0 10962.0 2548.0 5997.0 9006.0 7.0 4806.0 19.0 19.0 23.0 4230.0 15486.0 3209.0 19371.0 11480.0 3452.0
28	0.0 0.0 0.0 61027.0 38.0 1.0 0.0 0.0 0.0 1036.0 0.0 0.0 0.0 0.0 162093.0 1.0 10427.0 62720.0 1795337.0 0.0 0.0 6.0 0.0 0.0 0.0 1.0 1.0 0.0 5657.0 118448.0 1.0 0.0 0.0 0.0 20048.0 0.0 0.0 0.0 0.0 36.0 5.0 21123.0 808.0 4939.0 0.0 1.0 1.0 0.0 0.0 0.0 4990.0 678.0 185.0 4.0 4.0 90516.0 4517.0 6122.0 1910.0 13.0 10215.0 258.0 1186.0 5822.0 10.0 5265.0 5.0 9.0 3.0 2903.0 19424.0 2515.0 553486.0 4705.0 1437.0
29	1.0 1.0 0.0 289028.0 18445.0 0.0 0.0 0.0 1.0 20609.0 0.0 0.0 0.0 0.0 216832.0 0.0 20466.0 219565.0 104131.0 0.0 0.0 1.0 0.0 0.0 1.0 0.0 0.0 0.0 4336.0 119015.0 3.0 0.0 0.0 0.0 104512.0 0.0 0.0 0.0 0.0 240.0 0.0 41415.0 22579.0 87.0 0.0 0.0 0.0 0.0 3.0 0.0 6619.0 1377.0 1272.0 5.0 3.0 80788.0 3731.0 6383.0 1901.0 14.0 6313.0 661.0 1691.0 8726.0 4.0 4437.0 10.0 5.0 1.0 2890.0 5404.0 2053.0 2007.0 6295.0 692800.0
30	0.0 1.0 0.0 1470744.0 6275.0 0.0 0.0 1.0 0.0 72.0 12.0 0.0 0.0 0.0 370220.0 1.0 70155.0 96617.0 403180.0 0.0 0.0 2.0 0.0 1.0 3.0 1.0 0.0 0.0 33444.0 155202.0 1.0 0.0 0.0 2.0 94499.0 0.0 1.0 0.0 0.0 12.0 2.0 168141.0 1289.0 25.0 0.0 0.0 1.0 0.0 0.0 0.0 8976.0 3343.0 63.0 10.0 12.0 515404.0 1713.0 4078.0 253.0 10.0 13666.0 1863.0 1701.0 25473.0 4.0 13287.0 43.0 9.0 4.0 143.0 189.0 243.0 20380.0 34106.0 3636.0
31	0.0 1.0 0.0 81755.0 19276.0 2.0 2.0 1.0 1.0 596.0 0.0 0.0 1.0 1.0 1001702.0 1.0 25792.0 136485.0 143368.0 0.0 1.0 3.0 0.0 0.0 0.0 1.0 0.0 0.0 802.0 207960.0 1.0 0.0 0.0 0.0 14120.0 0.0 2.0 0.0 0.0 7535.0 0.0 81432.0 113.0 14.0 1.0 0.0 0.0 0.0 0.0 0.0 16346.0 1981.0 630.0 30.0 31.0 345998.0 5757.0 3040.0 251.0 10.0 14096.0 1440.0 2594.0 6105.0 99.0 3728.0 7.0 175.0 6.0 1125.0 1071.0 829.0 7929.0 4630.0 456.0
32	0.0 0.0 0.0 109162.0 35.0 0.0 0.0 1.0 1.0 321.0 0.0 0.0 1.0 0.0 892498.0 0.0 284251.0 74663.0 542737.0 0.0 0.0 0.0 0.0 0.0 0.0 0.0 0.0 0.0 16.0 104743.0 0.0 0.0 0.0 0.0 15930.0 0.0 0.0 0.0 1.0 5492.0 0.0 245530.0 61.0 1011.0 0.0 0.0 0.0 0.0 0.0 0.0 10306.0 724.0 110.0 9.0 59.0 316173.0 785.0 3703.0 6448.0 12.0 137387.0 778.0 1095.0 7212.0 21.0 4757.0 50.0 18.0 4.0 846.0 5776.0 237.0 19314.0 6193.0 1518.0
33	0.0 0.0 1.0 78183.0 37825.0 2.0 0.0 0.0 0.0 14.0 0.0 0.0 0.0 0.0 542647.0 0.0 14297.0 187197.0 133465.0 0.0 0.0 2.0 0.0 0.0 0.0 2.0 0.0 0.0 542.0 162151.0 1.0 0.0 0.0 1.0 17269.0 0.0 0.0 0.0 0.0 114.0 0.0 43357.0 8860.0 124.0 1.0 0.0 0.0 0.0 0.0 0.0 16345.0 3302.0 439.0 0.0 12.0 232152.0 540.0 8422.0 911.0 30.0 14724.0 847.0 3093.0 11519.0 11.0 3326.0 7.0 24.0 2.0 1345.0 9303.0 1341.0 9970.0 3048.0 2885.0
34	2.0 0.0 5.0 410459.0 11165.0 0.0 1.0 0.0 0.0 2431.0 0.0 0.0 0.0 0.0 174473.0 0.0 8199.0 76320.0 969053.0 0.0 0.0 1.0 0.0 0.0 0.0 0.0 0.0 1.0 3552.0 147945.0 1.0 0.0 0.0 0.0 56481.0 0.0 0.0 0.0 0.0 215.0 4.0 26653.0 1474.0 76.0 0.0 0.0 0.0 0.0 0.0 0.0 6590.0 5743.0 429.0 7.0 16.0 295879.0 6090.0 4214.0 2172.0 14.0 10855.0 712.0 3137.0 14329.0 7.0 5980.0 6.0 3.0 3.0 6872.0 10418.0 2458.0 55171.0 9421.0 2949.0
35	0.0 0.0 0.0 288727.0 25.0 0.0 0.0 1.0 9.0 31.0 3.0 1.0 2.0 0.0 1575645.0 1.0 232960.0 245595.0 276106.0 0.0 0.0 3.0 0.0 4.0 0.0 0.0 0.0 0.0 4186.0 186943.0 0.0 0.0 0.0 0.0 15595.0 0.0 0.0 0.0 0.0 9043.0 0.0 419458.0 853.0 188.0 0.0 0.0 0.0 0.0 0.0 0.0 8726.0 785.0 637.0 7.0 4.0 178343.0 1452.0 2791.0 323.0 3.0 1342714.0 120.0 1825.0 5441.0 9.0 2360.0 8.0 13.0 1.0 489.0 3092.0 245.0 4468.0 3375.0 310.0
36	0.0 0.0 2.0 1184247.0 5380.0 0.0 0.0 1.0 0.0 32608.0 0.0 0.0 0.0 2.0 124655.0 0.0 3925.0 106173.0 835514.0 0.0 0.0 0.0 0.0 0.0 0.0 0.0 0.0 0.0 14822.0 133404.0 1.0 0.0 0.0 0.0 424592.0 0.0 0.0 0.0 3.0 58.0 0.0 25958.0 152.0 6.0 0.0 0.0 0.0 0.0 0.0 0.0 4464.0 2587.0 5481.0 14.0 14.0 180892.0 15370.0 8260.0 263.0 76.0 4555.0 5577.0 1281.0 825583.0 5.0 9645.0 5.0 16.0 0.0 5280.0 10316.0 4336.0 13423.0 20084.0 3585.0
37	0.0 0.0 1.0 67896.0 3664.0 0.0 0.0 0.0 0.0 340.0 0.0 0.0 0.0 0.0 755248.0 2.0 76851.0 63610.0 749096.0 0.0 0.0 0.0 0.0 0.0 0.0 2.0 0.0 0.0 1047.0 125891.0 0.0 0.0 0.0 0.0 16070.0 1.0 1.0 0.0 1.0 6752.0 0.0 120732.0 59.0 31.0 0.0 0.0 0.0 0.0 0.0 0.0 9633.0 1910.0 318.0 8.0 18.0 324084.0 948.0 2573.0 2737.0 20.0 14511.0 2856.0 1154.0 9285.0 4.0 4724.0 8.0 10.0 3.0 394.0 7034.0 1119.0 29809.0 3164.0 732.0
38	1.0 0.0 0.0 350069.0 234.0 0.0 0.0 0.0 0.0 61548.0 1.0 2.0 0.0 1.0 342205.0 0.0 21867.0 238090.0 126920.0 0.0 0.0 0.0 0.0 2.0 1.0 1.0 0.0 0.0 4970.0 173776.0 2.0 1.0 0.0 96.0 112074.0 1.0 0.0 0.0 0.0 5413.0 0.0 60252.0 13755.0 23.0 0.0 0.0 0.0 0.0 0.0 0.0 11406.0 1746.0 874.0 4.0 6.0 94565.0 4259.0 2195.0 314.0 47.0 4119.0 1010820.0 1621.0 10775.0 4.0 3098.0 5.0 5.0 3.0 3143.0 5554.0 1592.0 2590.0 4792.0 279.0
39	3.0 0.0 3.0 265009.0 2737.0 0.0 1.0 0.0 3.0 427.0 2.0 2.0 1.0 0.0 212773.0 0.0 20770.0 455405.0 108378.0 0.0 0.0 2.0 0.0 0.0 0.0 1.0 0.0 0.0 1126.0 155975.0 1.0 0.0 0.0 1.0 40071.0 0.0 3.0 0.0 2.0 93.0 1.0 47488.0 8693.0 1098.0 0.0 0.0 0.0 0.0 2.0 1.0 10460.0 2775.0 866.0 9.0 8.0 297027.0 267.0 10104.0 1123.0 16.0 7426.0 671.0 3617.0 9088.0 9.0 3016.0 15.0 25.0 1.0 5468.0 6439.0 1509.0 13761.0 9340.0 2318.0
40	1.0 5.0 0.0 1011860.0 734.0 1.0 0.0 0.0 0.0 7186.0 0.0 1.0 0.0 0.0 197006.0 2.0 22028.0 202509.0 254842.0 0.0 0.0 0.0 0.0 0.0 1.0 2.0 0.0 1.0 12098.0 183456.0 3.0 0.0 1.0 3.0 159154.0 1.0 2.0 0.0 0.0 355.0 0.0 47622.0 14511.0 27.0 0.0 0.0 1.0 0.0 0.0 0.0 4960.0 1137.0 1222.0 16.0 14.0 141628.0 2351.0 2932.0 52.0 6.0 3237.0 1899.0 1619.0 10593.0 2.0 1023507.0 13.0 6.0 38.0 3626.0 2480.0 3140.0 3406.0 13283.0 1108.0
41	1.0 0.0 0.0 167307.0 34815.0 1.0 0.0 0.0 0.0 34.0 0.0 0.0 0.0 0.0 424447.0 0.0 18134.0 205019.0 694345.0 0.0 0.0 1.0 0.0 0.0 0.0 0.0 0.0 0.0 3997.0 167052.0 0.0 0.0 0.0 0.0 20493.0 0.0 0.0 2.0 0.0 403.0 2.0 39255.0 3487.0 149.0 0.0 0.0 0.0 0.0 0.0 0.0 5096.0 1626.0 571.0 3.0 9.0 89322.0 1758.0 5947.0 1352.0 5.0 9751.0 177.0 1832.0 4757.0 10.0 2301.0 6.0 9.0 2.0 5809.0 8378.0 419.0 548845.0 2827.0 1020.0
42	1.0 0.0 15.0 47119.0 7143.0 0.0 1.0 0.0 4.0 10530.0 0.0 0.0 1.0 3.0 435269.0 1.0 23394.0 101936.0 1035498.0 0.0 0.0 1.0 0.0 0.0 0.0 0.0 1.0 0.0 40.0 173454.0 0.0 0.0 0.0 0.0 24383.0 0.0 0.0 1.0 0.0 2983.0 0.0 32614.0 6293.0 96.0 0.0 0.0 0.0 0.0 0.0 0.0 3685.0 1088.0 401.0 13.0 6.0 72019.0 3134.0 2732.0 846890.0 15.0 14092.0 41.0 631.0 4589.0 14.0 1787.0 13.0 14.0 0.0 1576.0 10630.0 1563.0 7522.0 2410.0 697.0
43	5.0 0.0 0.0 128681.0 8626.0 0.0 0.0 1.0 0.0 7629.0 0.0 0.0 2.0 1.0 470900.0 0.0 13428.0 1029276.0 187905.0 0.0 0.0 0.0 1.0 1.0 0.0 2.0 0.0 0.0 22.0 296759.0 2.0 0.0 1.0 1.0 58092.0 1.0 0.0 0.0 0.0 3.0 0.0 59062.0 75128.0 3.0 0.0 2.0 0.0 0.0 1.0 0.0 25010.0 4440.0 1049.0 14.0 20.0 134324.0 934.0 8756.0 281.0 15.0 5093.0 2278.0 1137695.0 5446.0 32.0 3347.0 24.0 14.0 1.0 1319.0 3830.0 1130.0 5020.0 3329.0 1343.0
44	0.0 0.0 3.0 1068437.0 411.0 1.0 0.0 0.0 0.0 1293.0 1.0 0.0 1.0 1.0 940111.0 1.0 153170.0 154420.0 60905.0 1.0 0.0 1.0 0.0 2.0 2.0 0.0 1.0 0.0 29233.0 130955.0 2.0 0.0 0.0 0.0 50388.0 0.0 0.0 0.0 2.0 7167.0 0.0 360610.0 1063.0 324.0 1.0 0.0 1.0 0.0 0.0 0.0 12179.0 4006.0 37.0 399.0 9.0 517088.0 2123.0 3912.0 1717.0 93.0 70851.0 150.0 1804.0 23179.0 143.0 5332.0 134.0 39.0 22.0 736.0 224.0 194.0 13938.0 24219.0 256.0
45	1.0 0.0 2.0 249379.0 38674.0 2.0 0.0 0.0 7.0 102092.0 0.0 5.0 0.0 21.0 708716.0 0.0 27970.0 198305.0 297528.0 0.0 0.0 0.0 0.0 10.0 0.0 1.0 0.0 0.0 1555.0 202070.0 2.0 0.0 0.0 31.0 183545.0 0.0 0.0 0.0 15.0 63.0 0.0 69555.0 2632.0 3285.0 0.0 0.0 1.0 1.0 1.0 0.0 9268.0 1202.0 982.0 6.0 1.0 110057.0 1222968.0 3237.0 1114.0 17.0 6966.0 2241.0 198.0 18083.0 4.0 2579.0 7.0 2.0 0.0 1796.0 5453.0 4278.0 5718.0 3964.0 670.0
46	2.0 0.0 0.0 68096.0 264.0 0.0 0.0 2.0 2.0 6899.0 1.0 0.0 0.0 0.0 327397.0 2.0 14515.0 967907.0 47006.0 0.0 1.0 2.0 0.0 0.0 0.0 2.0 0.0 0.0 160.0 256368.0 0.0 1.0 0.0 3.0 13990.0 6.0 2.0 1.0 4.0 238.0 0.0 81193.0 50835.0 7.0 0.0 0.0 0.0 0.0 7.0 0.0 770876.0 1140.0 638.0 10.0 10.0 99628.0 3477.0 4609.0 251.0 7.0 4494.0 975.0 6185.0 2424.0 11.0 1816.0 33.0 28.0 4.0 1123.0 157.0 2312.0 1743.0 1838.0 601.0
47	0.0 0.0 0.0 53445.0 29641.0 0.0 0.0 0.0 3.0 5260.0 0.0 0.0 0.0 0.0 815622.0 0.0 15340.0 69496.0 1191969.0 0.0 0.0 1.0 0.0 3.0 0.0 4.0 3.0 1.0 2325.0 226874.0 1.0 0.0 0.0 1.0 16593.0 0.0 0.0 0.0 0.0 4753.0 0.0 30266.0 1956.0 209.0 0.0 0.0 18.0 0.0 0.0 0.0 7329.0 2866.0 540.0 11.0 12.0 94885.0 20742.0 2183.0 650.0 9.0 9236.0 277.0 1714.0 3508.0 7.0 987.0 9.0 16.0 1.0 2200.0 884403.0 2272.0 11610.0 2051.0 577.0
48	0.0 0.0 0.0 557190.0 32554.0 1.0 0.0 1.0 0.0 135561.0 1.0 0.0 0.0 17.0 275649.0 2.0 9082.0 206896.0 162108.0 0.0 0.0 0.0 0.0 0.0 0.0 0.0 0.0 0.0 5638.0 118453.0 1.0 2.0 0.0 1.0 249897.0 0.0 2.0 0.0 6.0 1172.0 0.0 30417.0 1229.0 157.0 0.0 1.0 0.0 0.0 1.0 0.0 5275.0 611.0 2791.0 6.0 6.0 84318.0 11184.0 3397.0 1013418.0 8.0 3036.0 1232.0 2348.0 25280.0 7.0 5170.0 9.0 5.0 1.0 3442.0 5589.0 5753.0 2469.0 36357.0 217.0
49	0.0 1.0 1.0 16039.0 7765.0 0.0 0.0 0.0 1.0 18119.0 1.0 0.0 0.0 0.0 785619.0 0.0 22853.0 442157.0 83639.0 0.0 0.0 2.0 0.0 0.0 1.0 0.0 0.0 0.0 247.0 296069.0 2.0 0.0 0.0 0.0 10951.0 3.0 0.0 0.0 0.0 6465.0 1.0 61619.0 4909.0 3.0 0.0 0.0 0.0 0.0 1.0 0.0 732525.0 723.0 611.0 14.0 21.0 68235.0 8537.0 3377.0 892.0 3.0 4947.0 210.0 3079.0 2279.0 16.0 1662.0 13.0 35.0 1.0 1470.0 1106.0 1643.0 953.0 802.0 1081.0
