0	0.0 0.0 67.0 1263279.0 204394.0 0.0 467501.0 0.0 0.0 0.0 0.0 0.0 2667146.0 0.0 0.0 0.0 0.0 57834.0 14.0 782607.0 0.0 11687.0 0.0 0.0 1.0 1.0 2.0 14825.0 1.0 1.0 4860.0 16266.0 71.0 8.0 18.0 9355.0 43.0 4504.0 16999.0 1685264.0 5405.0 14780.0 35.0 8896.0 311575.0
1	0.0 0.0 24352.0 632506.0 116263.0 0.0 490222.0 1.0 0.0 1.0 0.0 4.0 2719961.0 10.0 2.0 0.0 1.0 127853.0 24.0 792421.0 0.0 8156.0 1.0 0.0 0.0 0.0 0.0 31128.0 0.0 0.0 8565.0 30035.0 12.0 1.0 24.0 10329.0 7.0 5476.0 24771.0 23965.0 8571.0 14028.0 8.0 2313418.0 284836.0
2	0.0 3.0 159546.0 1677296.0 71603.0 0.0 898029.0 0.0 0.0 0.0 0.0 1.0 1386613.0 6.0 2.0 2.0 7.0 465362.0 9583.0 476106.0 0.0 6470.0 3.0 3.0 0.0 0.0 1.0 15965.0 28.0 1.0 10834.0 38330.0 7.0 58.0 7.0 15907.0 30.0 7356.0 14486.0 24277.0 2252123.0 18479.0 6.0 8848.0 234020.0
3	0.0 0.0 471.0 2906511.0 61219.0 1.0 296051.0 0.0 0.0 0.0 0.0 0.0 963833.0 1.0 2.0 0.0 1.0 64274.0 232.0 445330.0 0.0 7441.0 0.0 1.0 0.0 0.0 0.0 8022.0 1.0 3.0 14900.0 24947.0 15.0 7.0 8.0 23946.0 6.0 7293.0 32136.0 800814.0 14524.0 19113.0 10.0 13642.0 399244.0
4	11.0 6.0 26243.0 788584.0 78474.0 0.0 245173.0 2.0 19.0 6.0 0.0 10.0 1513747.0 5.0 8.0 0.0 6.0 52482.0 339.0 393387.0 0.0 3548.0 0.0 0.0 0.0 1.0 0.0 9978.0 1.0 1.0 19744.0 19685.0 16.0 9.0 5.0 742745.0 8.0 12782.0 21488.0 40698.0 8519.0 15747.0 9.0 13506.0 275625.0
5	0.0 1.0 24582.0 195391.0 121246.0 0.0 4407676.0 2.0 0.0 6.0 1.0 1.0 1299335.0 3.0 3.0 1.0 0.0 655800.0 20.0 596882.0 0.0 101006.0 0.0 0.0 0.0 0.0 2.0 23724.0 0.0 0.0 17896.0 193559.0 99.0 8.0 8.0 14532.0 28.0 9077.0 33478.0 31022.0 16302.0 17980.0 9.0 7309.0 1605236.0
6	4.0 0.0 61517.0 260632.0 102533.0 0.0 502025.0 2.0 1.0 1.0 0.0 15.0 1888334.0 0.0 4.0 1.0 1.0 210300.0 63.0 619750.0 0.0 9937.0 0.0 0.0 1.0 1.0 2.0 22842.0 0.0 0.0 9200.0 28337.0 14.0 0.0 7.0 12511.0 5.0 2062448.0 18938.0 14399.0 6402.0 11950.0 10.0 7373.0 235213.0
7	1.0 0.0 12970.0 553245.0 144116.0 0.0 157864.0 0.0 0.0 1.0 1.0 2.0 2459986.0 1.0 3.0 0.0 1.0 45303.0 96.0 697535.0 0.0 4665.0 0.0 0.0 0.0 0.0 0.0 28583.0 0.0 1.0 10060.0 17228.0 63.0 13.0 19.0 16952.0 11.0 12160.0 21665.0 33537.0 6756.0 17916.0 22.0 16838.0 1001334.0
8	1.0 1.0 7911.0 5870726.0 25308.0 0.0 210255.0 1.0 0.0 0.0 0.0 0.0 415377.0 0.0 1.0 0.0 6.0 69033.0 51355.0 420431.0 0.0 8957.0 0.0 0.0 0.0 1.0 0.0 11987.0 0.0 0.0 10402.0 14329.0 3.0 0.0 1.0 22281.0 2.0 4936.0 23856.0 2326444.0 12787.0 10371.0 5.0 10301.0 172494.0
9	1.0 2.0 1534.0 155210.0 149856.0 0.0 1486199.0 3.0 4.0 2.0 0.0 0.0 2352031.0 1.0 2.0 0.0 1.0 145511.0 95.0 826262.0 0.0 32537.0 2.0 0.0 0.0 0.0 0.0 32666.0 1.0 0.0 16473.0 45065.0 75.0 55.0 83.0 15159.0 327.0 8776.0 26547.0 38242.0 7141.0 11322.0 76.0 12577.0 1268762.0
10	3.0 0.0 222182.0 982570.0 59843.0 0.0 7549498.0 2.0 0.0 0.0 0.0 2.0 807089.0 2.0 0.0 0.0 0.0 2293218.0 13750.0 471875.0 0.0 136503.0 0.0 0.0 0.0 1.0 3.0 413.0 0.0 0.0 25675.0 5578480.0 31.0 3.0 22.0 15484.0 15.0 9309.0 35871.0 13754.0 26123.0 25278.0 16.0 4473.0 475339.0
11	1.0 1.0 11328.0 974692.0 130963.0 0.0 1344979.0 0.0 1.0 0.0 0.0 0.0 1574374.0 1.0 4.0 0.0 1.0 139073.0 1649.0 661777.0 0.0 26149.0 1.0 0.0 0.0 0.0 0.0 1533.0 1.0 0.0 10099.0 56044.0 28.0 6.0 35.0 19194.0 20.0 4020.0 21521.0 60287.0 12936.0 16236.0 15.0 10561.0 1027426.0
12	1.0 1.0 15618.0 258945.0 131241.0 0.0 183313.0 0.0 0.0 0.0 0.0 1.0 3081254.0 1.0 1.0 0.0 2.0 56255.0 130.0 841426.0 0.0 459.0 0.0 0.0 0.0 0.0 1.0 26085.0 0.0 0.0 10346.0 17192.0 94.0 11.0 16.0 18041.0 19.0 18487.0 27754.0 22282.0 5322.0 17854.0 20.0 14670.0 1180616.0
13	2.0 0.0 25263.0 256726.0 78275.0 0.0 947059.0 1.0 0.0 1.0 0.0 0.0 1336847.0 0.0 0.0 0.0 1.0 224968.0 10.0 503609.0 0.0 7837.0 0.0 2.0 0.0 0.0 1.0 16200.0 1.0 4.0 12430.0 26253.0 19.0 9.0 10.0 10420.0 16.0 6150.0 1999652.0 16538.0 7962.0 9044.0 30.0 4181.0 209089.0
14	1.0 1.0 6937.0 1842507.0 113863.0 0.0 195908.0 2.0 0.0 0.0 0.0 0.0 1898521.0 0.0 0.0 2.0 0.0 51607.0 4144.0 613872.0 1.0 7303.0 0.0 0.0 0.0 1.0 0.0 6632.0 0.0 0.0 10165.0 29054.0 37.0 10.0 16.0 24946.0 9.0 13031.0 23972.0 84392.0 9281.0 16860.0 2.0 15007.0 857215.0
15	3.0 21.0 480633.0 296539.0 45637.0 0.0 1358495.0 1.0 0.0 0.0 1.0 10.0 1117669.0 0.0 2.0 1.0 7.0 833605.0 3724.0 295379.0 0.0 11215.0 0.0 0.0 0.0 0.0 15.0 6680.0 3.0 1.0 16653.0 52621.0 11.0 10.0 11.0 20117.0 6.0 7981.0 17930.0 12945.0 16969.0 2515488.0 8.0 4908.0 252645.0
16	0.0 1.0 61100.0 316915.0 65418.0 0.0 745382.0 4.0 2.0 0.0 0.0 1.0 1181839.0 0.0 1.0 2.0 4.0 260706.0 5.0 369956.0 0.0 14380.0 1.0 0.0 0.0 0.0 1.0 24463.0 0.0 2.0 1528106.0 23040.0 7.0 6.0 11.0 19705.0 3.0 10697.0 25440.0 20149.0 9236.0 17522.0 6.0 6460.0 220425.0
17	0.0 2.0 12173.0 1090755.0 126555.0 0.0 197591.0 1.0 5.0 1.0 0.0 0.0 2035691.0 0.0 0.0 0.0 5.0 73515.0 1351.0 659843.0 0.0 7560.0 0.0 0.0 1.0 1.0 7.0 11507.0 0.0 1.0 7259.0 12752.0 18.0 4.0 8.0 23696.0 9.0 6458.0 14717.0 32240.0 6813.0 1763983.0 15.0 4561.0 230255.0
18	0.0 0.0 44849.0 5193966.0 33284.0 0.0 165090.0 0.0 0.0 1.0 0.0 0.0 801289.0 1.0 0.0 1.0 1.0 114632.0 23789.0 419962.0 0.0 3235.0 2.0 1.0 0.0 1.0 1.0 8458.0 0.0 0.0 9381.0 9047.0 9.0 0.0 4.0 3399768.0 6.0 6875.0 13793.0 32985.0 11148.0 19072.0 6.0 4675.0 133369.0
19	0.0 0.0 22903.0 2157802.0 51226.0 0.0 2184713.0 0.0 0.0 0.0 0.0 6.0 477379.0 1.0 1.0 0.0 2.0 445269.0 9572.0 381421.0 0.0 28075.0 2.0 0.0 0.0 0.0 0.0 132.0 0.0 5.0 30442.0 218106.0 46.0 3.0 22.0 24957.0 13.0 13772.0 43596.0 61701.0 25347.0 25928.0 13.0 8072.0 962515.0
