0 1 2 3 4 5 6 7 8 9 10 11 12 13 14 15 16 17 18 19
15858.000 0.000 7.000 0.000 38434.000 0.000 54.000 8507.000 293826.000 0.000 5.000 0.000 0.000 105319.000 1.000 1.000 24594.000 3.000 2.000 127846.000
5546.000 26.000 0.000 1.000 79630.000 2.000 2757.000 1863.000 256486.000 1.000 0.000 3.000 74.000 383741.000 0.000 0.000 42270.000 18.000 0.000 82473.000
24580.000 0.000 0.000 1.000 119364.000 0.000 51.000 485.000 611288.000 4.000 0.000 2.000 0.000 22294.000 0.000 0.000 2251.000 4.000 2.000 64477.000
1430.000 0.000 3.000 0.000 666584.000 0.000 3841.000 9742.000 136449.000 0.000 0.000 0.000 0.000 20720.000 0.000 0.000 6892.000 3.000 5.000 96879.000
4583.000 0.000 0.000 1.000 41394.000 0.000 416.000 56615.000 151795.000 0.000 0.000 0.000 0.000 820249.000 124.000 0.000 40648.000 1.000 1.000 134753.000
10699.000 1.000 1.000 1.000 78897.000 0.000 303.000 839.000 364808.000 1.000 0.000 0.000 1.000 25355.000 5.000 1.000 10926.000 13.000 6.000 60501.000
17710.000 0.000 10.000 2.000 31716.000 2.000 36.000 15319.000 220798.000 0.000 1.000 0.000 0.000 175396.000 0.000 0.000 9495.000 2.000 2.000 104120.000
7749.000 1.000 1.000 1.000 674392.000 0.000 136.000 45052.000 159664.000 2.000 5.000 1.000 0.000 178061.000 0.000 0.000 7693.000 2.000 3.000 146370.000
15118.000 0.000 2.000 0.000 61683.000 2.000 23.000 37.000 607573.000 1.000 1.000 0.000 0.000 28753.000 0.000 0.000 3684.000 2.000 1.000 38877.000
8267.000 2.000 0.000 1.000 39301.000 1.000 6616.000 847.000 138755.000 0.000 1.000 1.000 0.000 164152.000 0.000 12.000 331621.000 4.000 1.000 249066.000
2024.000 0.000 0.000 0.000 83099.000 0.000 463.000 5770.000 106029.000 0.000 0.000 0.000 0.000 18811.000 0.000 0.000 11867.000 0.000 0.000 357254.000
64.000 1.000 2.000 1.000 87806.000 5.000 9722.000 22307.000 110772.000 1.000 2.000 0.000 0.000 293118.000 0.000 0.000 35315.000 2.000 1.000 368613.000
3036.000 0.000 1.000 0.000 26334.000 0.000 42967.000 8374.000 98601.000 0.000 2.000 0.000 0.000 38586.000 0.000 0.000 5151.000 1.000 1.000 199947.000
313.000 0.000 8.000 2.000 55721.000 1.000 2110.000 360.000 197862.000 1.000 3.000 1.000 0.000 29354.000 0.000 1.000 22594.000 8.000 2.000 99628.000
4519.000 0.000 1.000 0.000 105868.000 0.000 890.000 8149.000 268893.000 1.000 0.000 1.000 0.000 21469.000 0.000 0.000 4917.000 3.000 0.000 37239.000
6043.000 0.000 1.000 1.000 171129.000 1.000 360.000 3404.000 108740.000 0.000 0.000 1.000 0.000 21276.000 0.000 0.000 6244.000 0.000 0.000 252211.000
9399.000 0.000 4.000 0.000 45646.000 0.000 121.000 7328.000 154685.000 1.000 0.000 1.000 0.000 117484.000 0.000 0.000 83088.000 1.000 4.000 55305.000
13171.000 0.000 1.000 0.000 293390.000 0.000 3158.000 1316.000 289142.000 0.000 2.000 2.000 2.000 32755.000 0.000 0.000 14532.000 2.000 0.000 105692.000
1729.000 5.000 1.000 1.000 111070.000 0.000 265.000 88745.000 141019.000 0.000 0.000 0.000 0.000 1097569.000 0.000 0.000 116958.000 5.000 2.000 223700.000
5430.000 0.000 12.000 0.000 51166.000 0.000 3003.000 3333.000 104103.000 0.000 2.000 1.000 0.000 32788.000 0.000 0.000 7884.000 4.000 0.000 223116.000
13882.000 0.000 0.000 0.000 126665.000 0.000 46.000 6141.000 203668.000 0.000 0.000 0.000 0.000 114429.000 0.000 0.000 37139.000 0.000 0.000 159113.000
7036.000 0.000 2.000 0.000 63392.000 1.000 4115.000 2752.000 109578.000 1.000 1.000 0.000 0.000 201564.000 30.000 0.000 15168.000 2.000 1.000 147508.000
11451.000 0.000 1.000 0.000 64658.000 0.000 35.000 8169.000 89527.000 1.000 0.000 2.000 0.000 142040.000 0.000 0.000 688245.000 1.000 0.000 74071.000
11850.000 0.000 0.000 0.000 27974.000 0.000 19103.000 3405.000 118130.000 0.000 0.000 2.000 0.000 44444.000 0.000 0.000 15841.000 4.000 3.000 290103.000
6824.000 0.000 0.000 0.000 73803.000 0.000 2007.000 3424.000 164163.000 0.000 2.000 0.000 0.000 31356.000 0.000 1.000 9004.000 1.000 0.000 52314.000
