0	1077425.0 0.0 0.0 0.0 10879.0 0.0 332645.0 766661.0 101322.0 1.0 1.0 0.0 2.0 23664.0 0.0 0.0 48.0 0.0 2.0 4657.0 15858.0 0.0 7.0 0.0 38434.0 0.0 54.0 8507.0 293826.0 0.0 5.0 0.0 0.0 105319.0 1.0 1.0 24594.0 3.0 2.0 127846.0 3.0 4271.0 2506.0 8910.0 13.0 1725921.0 1.0 7.0 13.0 50193.0 6042.0 9018.0 6453.0 6.0 1681.0 12606.0 28.0 71189.0 71450.0 5.0
1	1044865.0 21.0 1.0 0.0 35750.0 4.0 338536.0 732758.0 86829.0 2.0 2.0 1.0 6.0 368104.0 1.0 0.0 6535.0 94.0 1.0 121.0 5546.0 26.0 0.0 1.0 79630.0 2.0 2757.0 1863.0 256486.0 1.0 0.0 3.0 74.0 383741.0 0.0 0.0 42270.0 18.0 0.0 82473.0 10.0 2294089.0 3278.0 14117.0 12.0 10794.0 0.0 2.0 12.0 42159.0 6887.0 7419.0 6546.0 3.0 2838.0 27320.0 6.0 106149.0 71118.0 3.0
2	2639136.0 2.0 2.0 0.0 31766.0 0.0 144886.0 177744.0 73772.0 2.0 1.0 0.0 3.0 27525.0 0.0 0.0 8.0 2.0 0.0 29.0 24580.0 0.0 0.0 1.0 119364.0 0.0 51.0 485.0 611288.0 4.0 0.0 2.0 0.0 22294.0 0.0 0.0 2251.0 4.0 2.0 64477.0 34.0 7414.0 2002.0 6845.0 27.0 12957.0 1.0 14.0 52.0 35997.0 3139.0 4375.0 4398.0 126.0 2466.0 4404.0 15.0 35627.0 1556541.0 10.0
3	2069921.0 0.0 1.0 1.0 660747.0 0.0 1216579.0 516708.0 76.0 0.0 3.0 0.0 1.0 5419.0 10.0 1.0 26.0 0.0 1.0 7787.0 1430.0 0.0 3.0 0.0 666584.0 0.0 3841.0 9742.0 136449.0 0.0 0.0 0.0 0.0 20720.0 0.0 0.0 6892.0 3.0 5.0 96879.0 20.0 9129.0 7359.0 11127.0 20.0 15105.0 5.0 14.0 18.0 1406729.0 6337.0 1930.0 2755.0 15.0 2931.0 9599.0 37.0 141718.0 72577.0 23.0
4	446110.0 7.0 3.0 0.0 16301.0 1.0 431218.0 2962768.0 30747.0 0.0 0.0 0.0 0.0 130675.0 7.0 1.0 155.0 0.0 0.0 3399.0 4583.0 0.0 0.0 1.0 41394.0 0.0 416.0 56615.0 151795.0 0.0 0.0 0.0 0.0 820249.0 124.0 0.0 40648.0 1.0 1.0 134753.0 5.0 9581.0 3017.0 32660.0 23.0 15266.0 2.0 12.0 4.0 36992.0 2573282.0 10858.0 3850.0 15.0 5900.0 8743.0 8.0 225829.0 49858.0 6.0
5	1701161.0 0.0 0.0 2.0 47578.0 1.0 303409.0 129988.0 127542.0 1.0 0.0 0.0 0.0 26728.0 4.0 0.0 276.0 2.0 0.0 881.0 10699.0 1.0 1.0 1.0 78897.0 0.0 303.0 839.0 364808.0 1.0 0.0 0.0 1.0 25355.0 5.0 1.0 10926.0 13.0 6.0 60501.0 20.0 10008.0 3736.0 5849.0 32.0 17035.0 8.0 48.0 30.0 49121.0 4324.0 6239.0 1147282.0 24.0 5342.0 8921.0 16.0 53630.0 140474.0 17.0
6	608194.0 0.0 4.0 3.0 22751.0 0.0 256374.0 1056979.0 49510.0 0.0 1.0 0.0 0.0 44505.0 0.0 0.0 490.0 1.0 3.0 628.0 17710.0 0.0 10.0 2.0 31716.0 2.0 36.0 15319.0 220798.0 0.0 1.0 0.0 0.0 175396.0 0.0 0.0 9495.0 2.0 2.0 104120.0 2.0 7083.0 2350.0 1526190.0 9.0 15863.0 22.0 23.0 3.0 35887.0 13349.0 5584.0 4523.0 15.0 1583.0 15798.0 2.0 94980.0 67129.0 2.0
7	2010495.0 0.0 1.0 2.0 355459.0 0.0 373301.0 2596975.0 11300.0 1.0 0.0 0.0 0.0 13838.0 7.0 1.0 76.0 3.0 4.0 31368.0 7749.0 1.0 1.0 1.0 674392.0 0.0 136.0 45052.0 159664.0 2.0 5.0 1.0 0.0 178061.0 0.0 0.0 7693.0 2.0 3.0 146370.0 41.0 9712.0 24858.0 18116.0 417.0 20673.0 19.0 86.0 43.0 367414.0 24309.0 7618.0 4239.0 19.0 5952.0 12041.0 21.0 918802.0 112187.0 14.0
8	1939442.0 8.0 1.0 4.0 14891.0 0.0 199659.0 77092.0 412430.0 0.0 1.0 0.0 1.0 17512.0 0.0 1.0 499.0 0.0 0.0 177.0 15118.0 0.0 2.0 0.0 61683.0 2.0 23.0 37.0 607573.0 1.0 1.0 0.0 0.0 28753.0 0.0 0.0 3684.0 2.0 1.0 38877.0 30.0 7876.0 1703.0 9877.0 22.0 16421.0 3.0 17.0 48.0 43314.0 4029.0 5692.0 3465.0 38.0 1280.0 6664.0 57.0 41691.0 1260715.0 7.0
9	1108992.0 1.0 0.0 1.0 13092.0 1.0 1587211.0 771793.0 1657.0 0.0 0.0 1.0 1.0 108576.0 0.0 5.0 59563.0 0.0 2.0 143496.0 8267.0 2.0 0.0 1.0 39301.0 1.0 6616.0 847.0 138755.0 0.0 1.0 1.0 0.0 164152.0 0.0 12.0 331621.0 4.0 1.0 249066.0 6.0 13567.0 3478.0 9531.0 17.0 12823.0 57.0 19.0 6.0 56835.0 7696.0 2165750.0 9487.0 29.0 3338.0 15184.0 74.0 127307.0 47099.0 10.0
10	1140023.0 1.0 3.0 3.0 40984.0 0.0 778973.0 529740.0 1220.0 3.0 0.0 0.0 0.0 5514.0 0.0 0.0 15.0 3.0 3.0 372670.0 2024.0 0.0 0.0 0.0 83099.0 0.0 463.0 5770.0 106029.0 0.0 0.0 0.0 0.0 18811.0 0.0 0.0 11867.0 0.0 0.0 357254.0 9.0 9353.0 8621.0 9883.0 21.0 25916.0 15.0 26.0 30.0 321300.0 8676.0 18758.0 1998.0 20.0 5322.0 41774.0 26.0 212188.0 98718.0 10.0
11	474094.0 1.0 0.0 0.0 21734.0 0.0 2267636.0 2548487.0 20144.0 0.0 2.0 0.0 0.0 48358.0 1.0 0.0 15.0 1.0 0.0 29866.0 64.0 1.0 2.0 1.0 87806.0 5.0 9722.0 22307.0 110772.0 1.0 2.0 0.0 0.0 293118.0 0.0 0.0 35315.0 2.0 1.0 368613.0 14.0 12161.0 10472.0 33566.0 9.0 41017.0 3.0 16.0 8.0 105089.0 25437.0 24606.0 3558.0 23.0 6836.0 22453.0 0.0 1324630.0 55787.0 1.0
12	271330.0 0.0 0.0 0.0 16635.0 0.0 4367362.0 142607.0 21290.0 0.0 0.0 3.0 2.0 2960.0 0.0 1.0 213.0 0.0 1.0 875.0 3036.0 0.0 1.0 0.0 26334.0 0.0 42967.0 8374.0 98601.0 0.0 2.0 0.0 0.0 38586.0 0.0 0.0 5151.0 1.0 1.0 199947.0 0.0 5316.0 2778.0 11660.0 3.0 31596.0 2.0 5.0 1.0 1590950.0 5212.0 13517.0 10926.0 6.0 2373.0 39962.0 1.0 50243.0 35241.0 5.0
13	1239793.0 6.0 1.0 33.0 21207.0 9.0 1073199.0 162006.0 61583.0 11.0 4.0 0.0 3.0 31161.0 2.0 2.0 10159.0 0.0 2.0 15783.0 313.0 0.0 8.0 2.0 55721.0 1.0 2110.0 360.0 197862.0 1.0 3.0 1.0 0.0 29354.0 0.0 1.0 22594.0 8.0 2.0 99628.0 8.0 10020.0 5638.0 9875.0 7.0 18018.0 1.0 1.0 10.0 85829.0 4403.0 8831.0 9294.0 12.0 3643.0 1079515.0 10.0 59727.0 69101.0 5.0
14	1373554.0 5.0 0.0 0.0 54341.0 1.0 303110.0 87620.0 57371.0 1.0 1.0 0.0 1.0 19652.0 0.0 1.0 742.0 2.0 4.0 110.0 4519.0 0.0 1.0 0.0 105868.0 0.0 890.0 8149.0 268893.0 1.0 0.0 1.0 0.0 21469.0 0.0 0.0 4917.0 3.0 0.0 37239.0 15.0 9637.0 5891.0 8522.0 25.0 19741.0 1.0 12.0 16.0 72145.0 6645.0 5655.0 5601.0 75.0 3279.0 14683.0 30.0 75537.0 550245.0 8.0
15	1346316.0 0.0 1.0 1.0 218721.0 0.0 2173551.0 174652.0 475.0 0.0 1.0 0.0 1.0 2133.0 0.0 0.0 1141.0 2.0 1.0 40384.0 6043.0 0.0 1.0 1.0 171129.0 1.0 360.0 3404.0 108740.0 0.0 0.0 1.0 0.0 21276.0 0.0 0.0 6244.0 0.0 0.0 252211.0 6.0 9303.0 9720.0 9180.0 7.0 14001.0 1.0 6.0 3.0 1113756.0 5121.0 5307.0 9082.0 9.0 1190.0 26966.0 9.0 73585.0 56189.0 3.0
16	711104.0 8.0 1.0 1.0 24135.0 1.0 222312.0 417133.0 36710.0 2.0 1.0 0.0 2.0 44077.0 7.0 0.0 4088.0 2.0 5.0 14480.0 9399.0 0.0 4.0 0.0 45646.0 0.0 121.0 7328.0 154685.0 1.0 0.0 1.0 0.0 117484.0 0.0 0.0 83088.0 1.0 4.0 55305.0 4.0 7474.0 3576.0 10141.0 7.0 12777.0 1.0 4.0 6.0 38477.0 11726.0 8983.0 3620.0 10.0 1014342.0 12181.0 18.0 69093.0 53656.0 3.0
17	2500539.0 0.0 0.0 1.0 149801.0 0.0 456940.0 323324.0 45089.0 3.0 1.0 0.0 2.0 17032.0 0.0 1.0 15.0 2.0 8.0 1947.0 13171.0 0.0 1.0 0.0 293390.0 0.0 3158.0 1316.0 289142.0 0.0 2.0 2.0 2.0 32755.0 0.0 0.0 14532.0 2.0 0.0 105692.0 8.0 9619.0 4025.0 8726.0 28.0 11730.0 16.0 7.0 12.0 1545241.0 4951.0 2306.0 2898.0 15.0 2487.0 13016.0 3.0 52619.0 62716.0 10.0
18	713314.0 2.0 2.0 1.0 43428.0 2.0 378957.0 5868129.0 24950.0 1.0 3.0 2.0 0.0 344882.0 1.0 0.0 1115.0 4.0 1.0 19874.0 1729.0 5.0 1.0 1.0 111070.0 0.0 265.0 88745.0 141019.0 0.0 0.0 0.0 0.0 1097569.0 0.0 0.0 116958.0 5.0 2.0 223700.0 33.0 25787.0 12742.0 51745.0 12.0 29845.0 0.0 73.0 19.0 68824.0 64957.0 23883.0 10947.0 564.0 19180.0 12694.0 35.0 2480362.0 47447.0 6.0
19	560424.0 0.0 2.0 1.0 5677.0 0.0 2921554.0 271822.0 19076.0 0.0 0.0 1.0 0.0 11889.0 0.0 0.0 18.0 0.0 0.0 15381.0 5430.0 0.0 12.0 0.0 51166.0 0.0 3003.0 3333.0 104103.0 0.0 2.0 1.0 0.0 32788.0 0.0 0.0 7884.0 4.0 0.0 223116.0 2.0 5435.0 2922.0 11875.0 4.0 25686.0 2.0 2.0 5.0 1177483.0 7153.0 6517.0 10322.0 9.0 3052.0 33336.0 15.0 64139.0 44737.0 7.0
20	1365112.0 10.0 0.0 0.0 70060.0 1.0 691922.0 563599.0 41218.0 2.0 0.0 0.0 0.0 32178.0 0.0 0.0 11840.0 3.0 1.0 59284.0 13882.0 0.0 0.0 0.0 126665.0 0.0 46.0 6141.0 203668.0 0.0 0.0 0.0 0.0 114429.0 0.0 0.0 37139.0 0.0 0.0 159113.0 0.0 5448.0 2034118.0 10658.0 10.0 8925.0 0.0 6.0 9.0 56690.0 11118.0 10458.0 7325.0 29.0 2495.0 13317.0 27.0 88446.0 60561.0 6.0
21	705713.0 1.0 0.0 1.0 39245.0 0.0 918171.0 773430.0 9171.0 1.0 1.0 0.0 1.0 60156.0 3.0 0.0 968.0 2.0 2.0 29183.0 7036.0 0.0 2.0 0.0 63392.0 1.0 4115.0 2752.0 109578.0 1.0 1.0 0.0 0.0 201564.0 30.0 0.0 15168.0 2.0 1.0 147508.0 8.0 10800.0 3393.0 9759.0 8.0 10782.0 1.0 10.0 12.0 65415.0 11724.0 5338.0 1410947.0 8.0 2971.0 11640.0 19.0 95460.0 40243.0 8.0
22	1347003.0 0.0 2.0 1.0 14718.0 2.0 388091.0 985859.0 34530.0 5.0 1.0 0.0 0.0 73218.0 2.0 1.0 30530.0 1.0 4.0 52239.0 11451.0 0.0 1.0 0.0 64658.0 0.0 35.0 8169.0 89527.0 1.0 0.0 2.0 0.0 142040.0 0.0 0.0 688245.0 1.0 0.0 74071.0 13.0 17564.0 9486.0 17362.0 12.0 26473.0 32.0 31.0 19.0 106167.0 16272.0 53242.0 7075.0 8.0 15412.0 27263.0 1701.0 781896.0 62848.0 4.0
23	578441.0 0.0 0.0 1.0 520.0 0.0 5103838.0 129959.0 35410.0 0.0 0.0 0.0 0.0 19628.0 0.0 0.0 12744.0 1.0 1.0 13497.0 11850.0 0.0 0.0 0.0 27974.0 0.0 19103.0 3405.0 118130.0 0.0 0.0 2.0 0.0 44444.0 0.0 0.0 15841.0 4.0 3.0 290103.0 7.0 8700.0 3093.0 6549.0 7.0 11217.0 1.0 0.0 8.0 57729.0 2881.0 11482.0 6442.0 1.0 2545.0 3229797.0 19.0 45056.0 38867.0 4.0
24	980867.0 1.0 0.0 2.0 59228.0 0.0 951563.0 112824.0 19689.0 2.0 0.0 0.0 3.0 12456.0 1.0 1.0 3.0 0.0 3.0 365.0 6824.0 0.0 0.0 0.0 73803.0 0.0 2007.0 3424.0 164163.0 0.0 2.0 0.0 0.0 31356.0 0.0 1.0 9004.0 1.0 0.0 52314.0 8.0 10315.0 4029.0 12714.0 8.0 26761.0 5.0 4.0 18.0 254305.0 6826.0 10665.0 4045.0 24.0 4272.0 38569.0 12.0 135272.0 115998.0 4.0
