0 1 2 3 4 5 6 7 8 9 10 11 12 13 14
0.000 0.000 57834.000 14.000 782607.000 0.000 11687.000 0.000 0.000 1.000 1.000 2.000 14825.000 1.000 1.000
0.000 1.000 127853.000 24.000 792421.000 0.000 8156.000 1.000 0.000 0.000 0.000 0.000 31128.000 0.000 0.000
2.000 7.000 465362.000 9583.000 476106.000 0.000 6470.000 3.000 3.000 0.000 0.000 1.000 15965.000 28.000 1.000
0.000 1.000 64274.000 232.000 445330.000 0.000 7441.000 0.000 1.000 0.000 0.000 0.000 8022.000 1.000 3.000
0.000 6.000 52482.000 339.000 393387.000 0.000 3548.000 0.000 0.000 0.000 1.000 0.000 9978.000 1.000 1.000
1.000 0.000 655800.000 20.000 596882.000 0.000 101006.000 0.000 0.000 0.000 0.000 2.000 23724.000 0.000 0.000
1.000 1.000 210300.000 63.000 619750.000 0.000 9937.000 0.000 0.000 1.000 1.000 2.000 22842.000 0.000 0.000
0.000 1.000 45303.000 96.000 697535.000 0.000 4665.000 0.000 0.000 0.000 0.000 0.000 28583.000 0.000 1.000
0.000 6.000 69033.000 51355.000 420431.000 0.000 8957.000 0.000 0.000 0.000 1.000 0.000 11987.000 0.000 0.000
0.000 1.000 145511.000 95.000 826262.000 0.000 32537.000 2.000 0.000 0.000 0.000 0.000 32666.000 1.000 0.000
0.000 0.000 2293218.000 13750.000 471875.000 0.000 136503.000 0.000 0.000 0.000 1.000 3.000 413.000 0.000 0.000
0.000 1.000 139073.000 1649.000 661777.000 0.000 26149.000 1.000 0.000 0.000 0.000 0.000 1533.000 1.000 0.000
0.000 2.000 56255.000 130.000 841426.000 0.000 459.000 0.000 0.000 0.000 0.000 1.000 26085.000 0.000 0.000
0.000 1.000 224968.000 10.000 503609.000 0.000 7837.000 0.000 2.000 0.000 0.000 1.000 16200.000 1.000 4.000
2.000 0.000 51607.000 4144.000 613872.000 1.000 7303.000 0.000 0.000 0.000 1.000 0.000 6632.000 0.000 0.000
1.000 7.000 833605.000 3724.000 295379.000 0.000 11215.000 0.000 0.000 0.000 0.000 15.000 6680.000 3.000 1.000
2.000 4.000 260706.000 5.000 369956.000 0.000 14380.000 1.000 0.000 0.000 0.000 1.000 24463.000 0.000 2.000
0.000 5.000 73515.000 1351.000 659843.000 0.000 7560.000 0.000 0.000 1.000 1.000 7.000 11507.000 0.000 1.000
1.000 1.000 114632.000 23789.000 419962.000 0.000 3235.000 2.000 1.000 0.000 1.000 1.000 8458.000 0.000 0.000
0.000 2.000 445269.000 9572.000 381421.000 0.000 28075.000 2.000 0.000 0.000 0.000 0.000 132.000 0.000 5.000
