0 1 2 3 4 5 6 7 8 9
1.000 426288.000 1.000 0.000 2011788.000 9.000 67869.000 135.000 0.000 0.000
1.000 502476.000 1.000 2.000 113878.000 0.000 11362.000 60006.000 0.000 0.000
2.000 621350.000 0.000 1.000 54460.000 1.000 14120.000 129.000 0.000 1.000
0.000 588039.000 0.000 2.000 49165.000 0.000 21701.000 107.000 0.000 0.000
0.000 360032.000 3.000 0.000 594112.000 2.000 23936.000 252.000 0.000 0.000
1.000 485757.000 0.000 0.000 55960.000 0.000 18411.000 10431.000 1.000 0.000
1.000 603440.000 1.000 3.000 62099.000 0.000 9174.000 11089.000 0.000 1.000
4.000 711027.000 1.000 1.000 44129.000 5.000 19509.000 269.000 0.000 0.000
0.000 329811.000 3.000 1.000 273588.000 3.000 8276.000 4963.000 0.000 0.000
1.000 880834.000 2.000 2.000 165378.000 1.000 72640.000 132.000 3.000 0.000
6.000 609274.000 4.000 1.000 234463.000 1.000 34553.000 42.000 0.000 1.000
0.000 725419.000 1.000 2.000 40765.000 1.000 52762.000 44.000 0.000 1.000
2.000 623362.000 2.000 1.000 54811.000 0.000 20372.000 488.000 0.000 0.000
0.000 550719.000 1.000 0.000 27690.000 1.000 12429.000 4282.000 0.000 1.000
2.000 551342.000 1.000 18.000 1043128.000 11.000 13205.000 48.000 0.000 6.000
2.000 701851.000 0.000 1.000 398670.000 2.000 23395.000 619.000 12.000 1.000
0.000 559738.000 1.000 1.000 36352.000 1.000 17471.000 7948.000 0.000 0.000
0.000 924854.000 0.000 0.000 61678.000 2.000 55984.000 29.000 0.000 0.000
0.000 873306.000 1.000 1.000 45263.000 1.000 35050.000 326.000 0.000 0.000
1.000 773533.000 3.000 6.000 99310.000 0.000 10114.000 2527.000 0.000 0.000
