0	0.0 853.0 0.0 1.0 563103.0 1.0 5090091.0 2032978.0 0.0 3.0 1.0 426288.0 1.0 0.0 2011788.0 9.0 67869.0 135.0 0.0 0.0 21524.0 8.0 254567.0 15377.0 43.0 4968185.0 13.0 1.0 26173.0 31546.0
1	1.0 41120.0 0.0 1.0 17492.0 0.0 462911.0 7421820.0 0.0 0.0 1.0 502476.0 1.0 2.0 113878.0 0.0 11362.0 60006.0 0.0 0.0 11674.0 5.0 183513.0 7426.0 3.0 18831.0 7.0 1.0 3643771.0 20286.0
2	2.0 76938.0 2.0 1.0 418.0 0.0 2102955.0 1273637.0 1.0 0.0 2.0 621350.0 0.0 1.0 54460.0 1.0 14120.0 129.0 0.0 1.0 15454.0 30.0 1197169.0 4486.0 22.0 32256.0 14.0 9.0 40332.0 11811.0
3	2.0 103289.0 5.0 1.0 279.0 0.0 2017171.0 1181419.0 0.0 0.0 0.0 588039.0 0.0 2.0 49165.0 0.0 21701.0 107.0 0.0 0.0 12531.0 31.0 1080410.0 7444.0 30.0 37981.0 9.0 2.0 60310.0 15191.0
4	1.0 51219.0 1.0 1.0 111179.0 2.0 2749577.0 609502.0 3.0 0.0 0.0 360032.0 3.0 0.0 594112.0 2.0 23936.0 252.0 0.0 0.0 41504.0 14.0 1144806.0 19010.0 35.0 76418.0 19.0 8.0 46839.0 33047.0
5	5.0 67464.0 1.0 0.0 2883.0 1.0 905869.0 3244276.0 0.0 0.0 1.0 485757.0 0.0 0.0 55960.0 0.0 18411.0 10431.0 1.0 0.0 21837.0 7.0 1227329.0 9471.0 17.0 33094.0 14.0 4.0 84168.0 15550.0
6	4.0 84620.0 1.0 1.0 4819.0 0.0 1075991.0 5284897.0 1.0 5.0 1.0 603440.0 1.0 3.0 62099.0 0.0 9174.0 11089.0 0.0 1.0 11976.0 7.0 246793.0 6453.0 4.0 27944.0 7.0 3.0 2627339.0 16184.0
7	2.0 642655.0 6.0 1.0 2493.0 4.0 1993826.0 581272.0 1.0 1.0 4.0 711027.0 1.0 1.0 44129.0 5.0 19509.0 269.0 0.0 0.0 10593.0 8.0 1300040.0 8099.0 17.0 26315.0 20.0 2.0 36148.0 15912.0
8	1.0 45293.0 0.0 1.0 31165.0 3.0 1439773.0 1860700.0 0.0 2.0 0.0 329811.0 3.0 1.0 273588.0 3.0 8276.0 4963.0 0.0 0.0 25957.0 13.0 792444.0 25808.0 20.0 111671.0 7.0 2.0 82641.0 33904.0
9	3.0 116539.0 2.0 0.0 25908.0 0.0 3631524.0 752156.0 0.0 3.0 1.0 880834.0 2.0 2.0 165378.0 1.0 72640.0 132.0 3.0 0.0 19216.0 28.0 436447.0 13867.0 13.0 1912710.0 21.0 20.0 31996.0 16051.0
10	0.0 122486.0 1.0 8.0 92405.0 2.0 2230666.0 598162.0 0.0 2.0 6.0 609274.0 4.0 1.0 234463.0 1.0 34553.0 42.0 0.0 1.0 8531.0 4.0 235788.0 2486245.0 20.0 35032.0 20.0 40.0 21839.0 20568.0
11	1.0 176111.0 2.0 0.0 493.0 1.0 2710587.0 585298.0 3.0 0.0 0.0 725419.0 1.0 2.0 40765.0 1.0 52762.0 44.0 0.0 1.0 10051.0 14.0 1371187.0 6971.0 66.0 32642.0 128.0 21.0 34563.0 16811.0
12	1.0 167532.0 0.0 4.0 2632.0 0.0 2148209.0 937709.0 0.0 1.0 2.0 623362.0 2.0 1.0 54811.0 0.0 20372.0 488.0 0.0 0.0 16020.0 12.0 1149643.0 6705.0 14.0 37554.0 12.0 8.0 35957.0 18779.0
13	1.0 197566.0 0.0 3.0 996.0 0.0 1308241.0 2117457.0 0.0 1.0 0.0 550719.0 1.0 0.0 27690.0 1.0 12429.0 4282.0 0.0 1.0 18361.0 15.0 1000687.0 10577.0 18.0 32702.0 5.0 2.0 98808.0 15954.0
14	2.0 30193.0 4.0 3.0 678151.0 30.0 2641266.0 1117621.0 0.0 4.0 2.0 551342.0 1.0 18.0 1043128.0 11.0 13205.0 48.0 0.0 6.0 17247.0 3.0 284966.0 14271.0 3.0 42545.0 0.0 0.0 40954.0 3808683.0
15	2.0 210438.0 1.0 2.0 140737.0 1.0 2254871.0 2152097.0 2.0 0.0 2.0 701851.0 0.0 1.0 398670.0 2.0 23395.0 619.0 12.0 1.0 2759294.0 4.0 249859.0 9298.0 48.0 43844.0 5.0 61.0 45954.0 15160.0
16	4.0 150352.0 0.0 2.0 1184.0 1.0 1610563.0 1678113.0 0.0 2.0 0.0 559738.0 1.0 1.0 36352.0 1.0 17471.0 7948.0 0.0 0.0 11643.0 17.0 1047302.0 4698.0 111.0 45113.0 10.0 6.0 60203.0 18235.0
17	3.0 170461.0 1.0 3.0 51.0 0.0 3719624.0 350219.0 1.0 2.0 0.0 924854.0 0.0 0.0 61678.0 2.0 55984.0 29.0 0.0 0.0 13818.0 6.0 1725855.0 6085.0 37.0 35887.0 37.0 50.0 24418.0 15774.0
18	0.0 205682.0 0.0 0.0 381.0 1.0 3232749.0 464012.0 1.0 1.0 0.0 873306.0 1.0 1.0 45263.0 1.0 35050.0 326.0 0.0 0.0 8161.0 11.0 1681255.0 5398.0 63.0 23870.0 63.0 26.0 21712.0 10649.0
19	4.0 250472.0 2.0 1.0 17883.0 4.0 3019837.0 1624112.0 2.0 12.0 1.0 773533.0 3.0 6.0 99310.0 0.0 10114.0 2527.0 0.0 0.0 11019.0 53.0 357423.0 6417.0 16.0 37504.0 96.0 7.0 2091804.0 10508.0
