0 1 2 3 4 5 6 7 8 9 10 11 12 13 14
0.000 0.000 22920.000 831134.000 0.000 2.000 5.000 3.000 4.000 178666.000 0.000 0.000 86450.000 0.000 0.000
0.000 0.000 37861.000 586645.000 1.000 1.000 3.000 0.000 0.000 923905.000 0.000 0.000 11914.000 0.000 18.000
0.000 0.000 34879.000 669434.000 0.000 3.000 0.000 0.000 2.000 457552.000 1.000 1.000 9486.000 0.000 1.000
0.000 0.000 67649.000 1539391.000 2.000 2.000 2.000 0.000 2.000 129381.000 2.000 1.000 14766.000 0.000 0.000
0.000 0.000 113708.000 727006.000 0.000 1.000 2.000 3.000 1.000 2451047.000 0.000 1.000 24.000 0.000 0.000
0.000 0.000 16680.000 881128.000 0.000 0.000 1.000 0.000 6.000 189221.000 0.000 0.000 38255.000 1.000 3.000
0.000 3.000 50081.000 1819639.000 1.000 5.000 0.000 0.000 0.000 147899.000 0.000 1.000 33216.000 1.000 0.000
1.000 0.000 122817.000 2517279.000 1.000 1.000 0.000 0.000 0.000 623403.000 0.000 1.000 52952.000 1.000 1.000
1.000 1.000 22388.000 1191225.000 1.000 0.000 0.000 1.000 0.000 234656.000 2.000 14.000 28527.000 0.000 0.000
0.000 0.000 28817.000 538608.000 0.000 7.000 2.000 1.000 1.000 1084754.000 1.000 5.000 7.000 1.000 0.000
